0.839180616418086,0.3802538623761,0.499897141580591,0.506378124245767,0.58006837064705,0.790732289813099,0.698729245544001,0.474756557448154,0.48338366343243,0.933570880594941,0.847227605661669,0.402739135104335,0.967274422036348,0.550265682056018,0.504403301097856,1.39603757583216,0.915972700412282,0.482363045109046,0.441925660494313,0.561958586076979,0.284046660166195,0.397718040647847,0.482925206929843,0.77999140530158,0.544133435298633,0.663560707697886,0.27924150896044,0.580200260464819,0.572263095745507,0.777183700105368,0.607190255815653,0.587110493113735,0.372093653152896,1.64399812911026,0.433085594505583,0.358697807780196,0.381418862719092,0.621778200275859,1.33889503826896,0.642783777159981,0.399486507626379,0.484294339075388,1.34054885926954,0.587056254870005,0.458603889609721,0.370895235518703,0.776694461444803,0.614261376456447,0.251213662527371,0.361607620660659,0.445980623502013,0.823702240311978,0.569712707781426,0.528000940423063,0.797432544695361,0.520130857878288,0.574720079630961,0.327339655012919,0.468553296281505,0.333475550898148,1.16177765238239,0.407868692633054,0.982488310210235,0.245673566265792,0.609064353569138,0.49329311386824,1.87945985027013,0.842471475793874,1.39055396509664,1.18371020780674,0.832969651051531,0.666620484102671,0.541034123213299,0.439836834593495,0.612832118116338,0.417445871021728,0.408214920903683,0.432187079246639,0.486128933956075,0.617343857751212,0.777479854499715,1.23665743506248,0.32812986156432,0.673188546357419,1.20490926821507,0.221437629043398,0.605304668419409,0.79477786360602,0.394185556084553,1.4358419045896,0.897565030260903,0.471891285917163,0.526651270716413,0.374602055364605,0.410022658807743,0.555344252580668,0.628760733201006,1.13896870700757,0.840662459317898,0.571458700376181,0.527715491192297,0.356827192388678,0.362962754438227,0.592377197820033,0.376685796943054,0.409482688333124,0.62666375963992,0.772293574950302,0.745858282264446,0.395306958090559,0.831069309554978,1.01318664874927,0.412165297140521,1.09613410182538,0.742655532553775,0.237410141476775,1.42110492174018,0.718758413894752,1.29444341688999,0.39852101701843,0.41008898159894,0.525614541782612,0.454400071610848,1.0698256346889,1.13860885447726,0.875626687642526,0.543694014212815,1.21839967078926,1.16777245222854,0.443919642529126,0.382795351777726,0.940098298724409,0.843612200711746,1.05853781345985,0.378137392907187,0.657322607898023,0.964749186297292,0.424090319982111,0.492095859467365,0.622174498936463,0.818267135733825,0.416011173977011,0.983759868575188,0.761595062172256,0.523638938595091,0.649654667685122,0.715279065308701,0.610323975622779,0.720175322086579,0.782999210611884,0.378659945776792,0.879546679890872,0.813322189833329,0.413960364763644,0.42852481250091,0.485496974287135,0.65522119918906,0.807282907940127,0.525715395434174,0.701187920824283,0.498372092236909,0.44419206036005,0.434640970579665,0.439323162541846,0.577100160588667,0.0943867793681869,0.501608112927324,0.454426427707904,0.311644383155393,0.416846735319479,0.601060607315665,1.04348381980503,1.14563186284817,0.520874197312034,0.464446715873074,0.63002492079563,0.465197034259428,0.491906448638443,0.644297951915119,0.556700160837403,0.968117445516222,1.27477766320341,1.51637108296529,0.393053639655761,0.790784066341843,1.55218295160491,0.3479139939819,0.37898280513105,1.10707759741636,0.575493158669463,0.50239974573888,1.38272596094389,0.60803196806271,0.532421245260427,0.533238802457493,1.27160205545179,0.372926275823326,0.854072692480609,0.367061534346229,0.360952838916369,0.690756202446135,0.647683411017102,0.591994157965138,0.382138891099524,0.454121746943522,1.45541287943078,0.316029109256878,0.990767861127613,0.355632173821772,0.512946293726762,0.320562259247787,0.339272582635346,0.75271408481,0.405522364547963,0.602418469919705,0.482659809620455,0.675561159609094,0.617247877848127,0.590722919756287,0.538778634515682,0.578714172240887,0.556940612669764,0.263996981602819,0.597600024821131,0.492841369767338,0.651326462441176,0.492593529545724,0.487764099158849,0.461598089946135,0.546536207086035,0.365415009569979,0.28107892228025,0.643245288884316,0.572046218087791,0.508811678688835,0.752410015164961,0.580085223193056,0.907904206981431,1.04735219119254,0.444601733192078,0.662050673620314,0.50143139481226,0.432072563930558,1.35766725626214,0.332353355041632,0.60288196081533,1.25382427147575,0.886174324232407,1.01438511423135,0.484819385403466,0.382961858038937,0.760372568109753,0.430258517759948,0.576596846746487,0.721864956831506,1.45106937305289,1.81982942112544,0.307903666308998,1.01473591782896,0.524696354276059,0.241142183789033,0.560849142079546,0.507620625677886,0.814556708880941,0.550396710275779,1.1289240714474,1.19176157164216,0.579071758220572,0.545054026474078,0.330026728586773,0.360316772195489,0.561360719137878,0.383937472696173,0.507499152427803,0.463703583523795,0.304471923530489,0.449390311306684,1.07553367761431,0.473774485057115,0.691600276928818,0.351317897365864,0.735481678620157,0.481340515702118,0.393821824900414,0.56378172768815,0.348788327865321,0.544806296963192,0.605350641275846,1.39450240191443,0.342190502404987,1.47655667504437,1.078378358584,0.385575699770898,0.478029257774582,0.446540255192361,0.470282832668856,0.307573169321304,0.611768741280348,0.41455782159094,0.462217592360207,0.30200281279098,0.64047473949665,0.505413955615049,0.952767591646039,0.355715510906048,0.508463578237999,0.996441394791702,0.315494038349499,1.36958993438882,0.467312598513684,0.421290393508447,0.850341985297752,0.722498995185469,0.621316715738346,0.72175158857483,0.785268583462473,1.04582406574074,0.526173152279556,0.75470273713334,0.558348494913827,0.581372651412794,0.993903337975932,0.497937437258748,0.670309045336628,0.686561327572948,0.494060241493945,0.298547966676189,0.548858847209838,0.337032115757066,0.604386162681183,0.901539282185184,1.09250256722488,0.415761586004063,0.925519993756069,0.450208490547572,0.292006164941798,0.472121253005346,0.898515748718503,0.373855457963173,0.367013785941694,0.463301215634301,1.15852214379716,0.245506433193298,1.56977396907209,0.478149484288011,0.548220322157605,0.531873919929513,0.73535484719851,0.528537793992507,0.591462533388919,0.827627568618275,0.992198344703886,1.12776300934079,0.78510249702935,0.553747224497724,0.472483202233187,0.193312996653473,0.742476648905277,0.492989926751273,0.702431177987375,0.196259134840681,0.923251317593247,0.665964568061768,0.504310800317481,0.525375845493528,0.405463891017224,0.729391630741075,0.653574311318822,0.96314780753329,1.66118927092656,0.516934240909305,0.532554079041174,0.561905004787295,0.0837111395624549,1.05317527423321,0.517518129599981,0.605509921366953,0.734605335599439,0.589410957762635,0.416426983478321,0.438324667608013,0.491729913315385,0.494933385960299,0.521189902695486,1.23099971013932,0.94491911543823,0.542681750321299,1.04254703103701,1.1510448430767,0.58112214209789,0.788838004294933,0.502600172217658,0.9330975029772,0.684920013465572,0.298013525924703,0.634630921091192,0.335641903364457,0.708199462001653,0.661707835732464,0.497760513736184,0.499485753088943,0.622313641371383,0.393522925638181,0.550808002714256,0.573821019600168,0.577924435592512,0.482053824077388,0.263949252694417,1.01645136190763,0.525451489791944,0.655485728243276,1.20477743103563,0.525084325666007,0.256066700007797,0.601927855115852,0.399485961784696,0.484887121286593,0.640607763960633,0.550653445458299,0.617694889953886,0.674330090957305,0.545227906535352,1.28909852574279,0.383472812632492,0.735044439035661,0.411038907919718,1.40747169959937,0.437197030473329,0.450650281428586,0.834733740274649,0.329293016375764,0.645373940101159,0.747002594424149,0.748596258342447,0.467622671488599,0.801562998288197,0.3680437341747,0.993865961675339,0.835283689228526,0.3070696022843,0.473664093760342,0.491370719902967,0.615162678537656,0.45371208816422,0.425216089977837,0.299425000957328,0.912858076062836,0.877871270067054,0.905436799885226,0.598253777487096,0.348982736452699,0.411274041455598,0.528816808385377,1.22244849358776,0.522761445362426,0.65984615251074,0.801312762827446,0.62514829076225,0.305870713037393,0.816754603305501,0.517984391093127,1.34828621715266,0.391522542709999,0.582258384811349
0.739917550971378,0.63790138430085,0.632049666994109,0.694194892992259,0.753044729789463,0.839122496198784,0.704124661479195,0.873969652362123,0.677667612055832,0.791524034918777,1.09939388815036,0.552602308757822,0.757069118044364,0.965572088796649,0.740051503078828,0.884599526796721,0.706007452558726,0.665139749288074,0.844763303045875,0.637357884187345,0.56763730744012,0.752033072161435,0.712856374137373,0.740061724507772,0.605273966878097,0.775925948434439,0.647162370046677,0.632678936808251,0.780030691107269,0.614762807660193,0.753287296246273,0.782893810018917,0.792736108158102,1.01546423334485,0.577722572852514,0.61616455294678,0.505518193246477,0.691232034390707,0.762616452637612,1.13831256988822,0.683513576510484,0.651080051061041,0.79742165857685,0.684394423975643,0.753208157707148,0.612295038476373,0.646163563146355,0.771285861350068,0.624369677205058,0.646439856252695,0.675731043132479,0.685441237878856,0.698317171073325,0.564472092377,0.731262521226627,0.670313870984957,0.626484766370884,0.785670265255223,0.680290652054824,0.576757967221435,0.786427749103984,0.563209920510932,0.634722901970478,0.696193844307196,0.768871581286398,0.71567485297232,1.13841895495905,0.722687690910036,0.866407176504427,0.897859977806507,0.668581960752254,0.821126935365639,0.504402244307917,0.696934353156491,0.878730578628276,0.730365184125873,0.625405320102741,0.668926740710524,0.782420946920767,0.669392827773012,0.891202565060017,0.810134542439982,0.568116723974528,0.664229376863604,0.755283193316148,0.595144337712089,0.881303883993742,1.47262998657911,0.562044943026442,0.958373181160687,0.792691177840725,0.836360624012537,0.890395848752539,0.541530037843081,0.637029376800825,0.766708154164777,0.773935200218741,0.676764971922356,0.663959841624979,0.670027627592024,0.692375569663611,0.602710423470404,0.604295212365955,0.774514797784771,0.637114446638846,0.519154665618844,0.768935163980341,0.973977674317178,0.75413945145057,0.628235633634236,0.794802927075515,0.884971936567474,0.628879111217257,0.65193546621777,0.896047708270436,0.530380927582333,0.820116765444545,0.720625995984191,1.01303146438771,0.589356348403507,0.701892344529769,0.820768782112688,0.58032181920455,0.69472495589603,0.710748433047003,0.735052617597924,0.812411686123061,0.916074539544833,0.669798003870514,0.778865143124367,0.574750615405124,0.697594504801194,0.75484742223421,0.626155259538752,0.73674983580033,0.748615717453942,0.737233040169077,0.567200617050159,0.791130566285976,0.660661804080645,0.795040631728282,0.64640491440015,0.644602841636294,0.806102877469679,0.555060608672485,0.683635862027714,0.684317926745785,0.578233306217537,0.606816829335627,0.736905382223106,0.857727122024767,0.814772176359644,0.630828062354349,0.635365982681249,0.563572731278907,0.853593654534085,0.835906444202605,0.780910960214789,0.643657733017457,0.612613577831934,0.65045472724278,0.783413049767345,0.478329465206665,0.637737966745301,0.56671049317848,0.36707224884293,0.534440515854615,0.608843806215975,0.496402140897501,0.686583081569055,0.594748280176197,0.682431050375028,0.809133670343935,0.599669927808457,0.905444849097563,0.625519722825522,0.730902977113978,0.679656214508105,0.961548513368357,0.713830673478418,0.824923962624656,0.857759109986667,1.01475453502477,0.589009492065369,0.766142682089598,1.11115218230046,0.576545621101685,0.606621323468379,0.79905644253778,0.776766367925181,0.734366743822658,0.881094748443383,0.627105165261076,0.638411021161141,0.525220281636704,0.9147307928015,0.713570796160382,0.677583806781677,0.738260226658085,0.666954756073276,0.500599690347959,0.764928711800672,0.947982382906118,0.688771205942631,0.771053270986513,1.06701796871005,0.555639200874512,0.719432351592445,0.565771853118641,0.556569238387273,0.532558305966726,0.652049800071528,0.672935930865831,0.537770671649131,0.617242712443962,0.810909418189838,0.860017243921678,0.836827721308231,0.80774122600048,0.839971385398432,0.808676286625116,0.714316954287972,0.609773497297823,0.746534753670033,0.653162866195805,0.72117171113654,0.627559182452854,0.826127449759499,0.947111060447614,0.680967952741099,0.657570821743161,0.49748491088719,0.572380533716778,0.676679066893933,0.668602901476429,0.780701718482233,0.764132463799375,0.666161307890137,0.757447989932584,0.710769344412838,0.6784186522037,0.656121682905245,0.612221919807977,0.928358898054559,0.761585741267346,0.71869375627957,0.89153661609614,0.815130579616194,0.672366512262272,0.567958162489422,0.582539148224512,0.618686849809679,0.734934354222444,0.757883647500587,0.685295700206992,1.05440102599121,1.06228043603954,0.772719586224791,0.724653193871247,0.717280243904263,0.594184983629643,1.03259373314585,0.533202789732233,0.716813926797449,0.812879244770814,0.636692619630904,0.768624395612572,0.604999066521296,0.72806474373976,0.813874213937093,0.554411749223841,0.792024603684318,0.703760236656771,0.684416690980394,0.622284308194896,0.612903158703061,0.489677474763304,0.723215026440447,0.715770005702581,0.804229405600051,0.704252279681804,0.634441825125391,0.69220229208549,0.511087048127848,0.670755707481303,0.563057741690361,0.613111753726923,0.942235794878935,0.874927321778766,0.721053973977179,1.02837468344547,0.725730173510105,0.572060795791943,0.585850229483644,0.664101768430143,0.689436626332223,0.606060058397018,0.764140306393807,0.524116385746401,0.587270465936461,0.662159844225335,0.674049646316757,0.746933251779491,0.699656660245084,0.656671977304615,0.534680259154515,0.567274631636025,0.519092572867896,1.27905137507412,0.610411251438255,0.661881241900729,0.67880183403208,0.823750220461646,0.794746832934922,0.661209638448718,0.743396582926573,0.943254014963737,0.789640970126068,0.648112723882534,0.669890466725138,0.778267456689611,0.714202134796179,0.665557010285247,0.729825721281879,0.695007728085715,0.609925282775123,0.556383808708377,0.61901792762647,0.768411240088615,0.692895719719166,0.661464319940097,0.705393562034733,0.793311578699158,0.720372966520439,0.640538648026488,0.866686108609351,0.614025963481284,0.93450089324472,0.575156080199127,0.776664471863425,0.749118148684222,0.846790277514162,0.553069481325997,1.14180643210804,0.734932067330123,0.684757869018314,0.833135237069802,0.691060760843882,0.713754765934037,0.73933776758068,0.80110264432956,0.862832944531529,0.842615431971862,0.672130495653577,0.729862743345304,0.724185318285601,0.434318822065706,0.763860661775907,0.685704143341585,0.658873498825569,0.619668124352614,0.662540025404419,0.840180289030542,0.766501865813319,0.633921056814743,0.758231051479106,0.801582737635089,0.849454862017429,0.830764320640713,1.08273185795511,0.808577090941757,0.615917649591245,0.739315947223595,0.353856237010032,0.678963463285407,0.756963320516043,0.956245763275177,0.982629929107948,0.788423749850137,0.632638116124348,0.732568351486135,0.649127415583819,0.57282735979658,0.735608885015862,0.984115457200675,0.726189738705764,0.705678222984788,0.665144054167016,0.919076920440345,0.710429485834514,0.679208981398972,0.614080843179991,0.8488991330134,0.561957390842825,0.647487561105421,0.826287412795342,1.06667052460765,0.703279423991565,0.615915577660744,0.736136081863178,0.693444299078183,0.681318805542444,0.523773787721956,0.624710701928891,0.537985371121087,0.709687381667074,0.556018212613978,0.632956506937469,0.791443936730798,0.610101844759228,0.677920676786083,0.926736035127521,0.628867753584305,0.635811980298365,0.576615278953908,0.517296633405831,0.607887326457069,0.71214611330531,0.682421613626919,0.61578599166595,0.726875634490335,0.723121546357405,0.950937204989718,0.587986167020208,0.90330887861991,0.594493535501377,1.03677318453277,0.802266587568249,0.687365513254959,0.598976403786766,0.68664263637928,1.04518248254315,0.62495594882042,0.686056277223208,0.592209942767658,0.745309678074904,0.567158742550614,0.757633250772255,0.877311589823618,0.708493109340089,0.825132897003635,0.676657837309999,0.68220002022268,0.611815241849725,0.707138387944917,0.680770254657715,0.446995808098058,0.622442146785117,0.75712251956878,0.698969526061063,0.599014616356798,0.715638930216042,0.741695919118917,0.883229186542434,0.641958873935273,0.665628098275812,0.845093791086688,0.71121611717674,0.705848124503886,0.656614834839931,0.616284370029485,0.958169631676283,0.724632645064744,0.706888797706183
0.886716300875687,0.563715414153666,0.542156197120086,0.595765303468853,0.636957117410104,0.827631661227386,0.696344852257646,0.700270659153459,0.583130065963796,0.775145546027538,0.92445996006817,0.446885220967651,0.854194084310205,0.818053219944727,0.640206004496259,1.00477763503104,0.888195213583784,0.551424168536309,0.708015735235642,0.631774673302598,0.474149492816739,0.54342169456478,0.70015645294596,0.642759881518925,0.610169772267238,0.728067801227323,0.528938009932008,0.566176043690795,0.694789864002144,0.714876188660949,0.664339886370408,0.762302895379404,0.675254433232044,0.994758672004898,0.497034281726067,0.501105792320797,0.441103151774956,0.555480353571545,1.00978286243849,0.701356205589669,0.581398120605174,0.673395665280509,1.01200374573842,0.591883072285685,0.611428154017701,0.542381350373843,0.570223580981867,0.800525363244034,0.522359493328324,0.631650096923857,0.641934881807741,0.637776601258608,0.556948141363688,0.502479871115308,0.671787696614972,0.614238852355974,0.647042519029406,0.632988874079704,0.571984666196412,0.57081126112148,0.746818721949431,0.52278571280052,0.578003794651509,0.536642009519153,0.699201311991798,0.626627663362745,1.4248533007813,0.700811997446059,0.934779404406344,0.90382871674264,0.782190780538805,0.704552559205395,0.528265109845993,0.64500642658691,0.797199780255849,0.632721331704303,0.527197281826685,0.589285096965891,0.689597942474476,0.647083735965291,0.805539262504237,0.839150003316729,0.537078398975618,0.67046959890835,0.878054770586295,0.45113581882186,0.749194105251376,1.08871952245382,0.555932096196913,1.34160262032101,0.77592209221956,0.714617486611396,0.743055272010841,0.525496765491742,0.568676578590376,0.691853581331422,0.674457565806909,0.877585582919846,0.625279913413434,0.548035875738838,0.629654842281179,0.491034795139038,0.514653861713356,0.754624938030374,0.576006294192995,0.466894462438065,0.641034094251411,0.960095368022834,0.613933440800861,0.551484842587315,0.771225699651167,0.969137449368124,0.520676614947694,0.675299570870852,0.812086198084998,0.464934041121731,1.21803010531402,0.662080628585871,0.98215388138816,0.650164969475848,0.635093995582256,0.712319485152076,0.527167808778616,0.703913456000202,0.994178228468936,1.0019064376875,0.710808667569463,1.07860429140005,0.968162917827448,0.651988912791045,0.482267930735369,0.725872777638851,0.85950609570731,0.632652514947329,0.700664337410069,0.690256611620927,0.697908175689095,0.56267781628014,0.622291344053457,0.703681919981245,0.714784674482408,0.573624180527535,0.791818638358357,0.735449959220092,0.617343498799395,0.650353206457633,0.639739112400012,0.50465384204772,0.577387126241223,0.731363538860967,0.70101018798746,0.736002428053609,0.630721635929684,0.612596643629165,0.424201047218095,0.73315569048901,0.755829004158618,0.76689497818068,0.569347838846584,0.641177864258215,0.657690161664907,0.618426542328434,0.625555414753731,0.569642235296849,0.557032816287972,0.315161312774876,0.455891035708043,0.642818995010676,0.511103847848713,0.535450858580165,0.550528564196784,0.659867175238919,0.858791861684475,0.649893258329871,0.74317248037789,0.601922644856808,0.714466127236867,0.533833326414629,0.814362783241524,0.633011119906511,0.790754191449237,0.829737595360786,1.01790432104421,0.524990555178512,0.972106376091219,0.978557155771048,0.52538013135274,0.56020830375784,0.795317017414386,0.573598696762252,0.752938073283653,1.05529392835053,0.53058145817196,0.634743210671078,0.62059769094471,1.00283776073471,0.602698484176667,0.711640825283032,0.65053361437616,0.620718075407617,0.45245179808467,0.656543509071895,0.801495663576809,0.609862741686159,0.694772313961293,1.03160275135108,0.466881864874765,0.735213885317786,0.560518185265625,0.482870406474957,0.444754478556428,0.612282522183991,0.656740309618158,0.479717431188624,0.62994977202922,0.710312150544783,0.712326050779227,0.636110405998475,0.728062037695685,0.701948165755263,0.797477001301277,0.676263290918539,0.458515859539369,0.591643756399728,0.648574520105333,0.669007563361245,0.558047446814821,0.761215038732518,0.755429029343269,0.593085543200056,0.516715424609134,0.439694713920711,0.580372148960706,0.522354214892128,0.641063520813527,0.760367256701983,0.724743490857485,0.666344198543145,1.02002426314925,0.687096649890567,0.618502396731984,0.63329084350095,0.502992452623651,1.12528212997708,0.547170723998891,0.639269622235813,0.873018551302021,0.771951398339924,0.772494482877009,0.56234110840329,0.544392290460987,0.621335945055947,0.608144191533808,0.589179516865867,0.654584181663289,1.04236663946923,1.5195238790337,0.548703543612585,1.03157679676839,0.65986056670091,0.511306605025136,0.847605182732109,0.458481988846799,0.615501106331089,0.610747322822235,0.754518369192907,0.769963942359912,0.611947944767701,0.640778572253584,0.567024860491722,0.445836594990523,0.796386077524393,0.555332335795269,0.659307147311406,0.603429184939088,0.576783902618679,0.539596479204445,0.750738132725489,0.655311783271944,0.694655241969883,0.601427540561951,0.598291226218935,0.595764617237734,0.416503679055683,0.683865618267111,0.499597022443144,0.502499316042526,0.763217294108609,0.936021502983988,0.496750235147239,1.02618835444997,0.781809443842342,0.629568926248434,0.482520319980931,0.659094855790154,0.531001193990675,0.55039090783973,0.701898909707952,0.526376761414697,0.521422983571743,0.505312681171064,0.625996612336523,0.599470483758678,0.815188913421978,0.581157555938926,0.465379944686149,0.635233364235051,0.541710890773842,1.39814182436395,0.467637821902688,0.58553276999584,0.669051157589398,0.783307968541431,0.759865600555647,0.684352745306924,0.674824247166907,0.997172226699448,0.721762275437421,0.693956161747911,0.559319776647393,0.638559300480403,0.680177709422162,0.639175049146323,0.854716362050145,0.828756002416829,0.501479539474938,0.4954972791116,0.540115615751092,0.604153842336919,0.685900281231453,0.654966878631023,1.06114609305122,0.637133947104867,0.674822613779628,0.561509901330944,0.563815344413725,0.590891425344878,0.755399492490592,0.458612087211191,0.640445127491577,0.704576827487214,0.828329882859412,0.520657155388723,1.05572233874409,0.610430160187008,0.615821363629009,0.627368173672597,0.925558408149736,0.569126632367407,0.607923506476309,0.881591418362056,0.710204036752372,0.955752022893722,0.729267570992142,0.641772003020906,0.680032316882704,0.405349953762267,0.739414503555606,0.583134291876427,0.588092531097648,0.489667981730669,0.628896641232363,0.812029082075523,0.639837824416338,0.580092558568509,0.733405813116116,0.745369448027064,0.748517454611078,0.932452006125325,1.3445725429301,0.760407748549817,0.616991911516977,0.637267088530179,0.333093639003469,0.81544217120488,0.691824101470248,0.802589598975712,0.869948469384062,0.631121980943767,0.56315375733477,0.571593066050651,0.576572630785008,0.4973392000947,0.634441379735603,1.00335265504878,0.648476591926071,0.693388903118223,0.814672187188098,0.963339684421904,0.638538950498736,0.704122991086176,0.572893991987189,0.771868122270514,0.555667308097067,0.537973091472015,0.746444182434183,0.713017081815478,0.656776784492347,0.649749479404932,0.656691606241458,0.627509992069883,0.56135388121599,0.476459411600654,0.618126627870112,0.5136294818063,0.593804062895482,0.479580576331097,0.47643981043106,0.974288331519332,0.563095203310377,0.62974102457441,0.956854183359739,0.589461836926868,0.506829849599154,0.513351297421461,0.481812238068655,0.606274514948154,0.764567641734064,0.700903931114479,0.674003406951956,0.685217739092543,0.597488272273833,0.870698199544228,0.489215037860774,0.874539358630631,0.474398457202969,1.11809957358943,0.652982772119466,0.579260641504306,0.713226867541253,0.609723040906642,0.823530182653642,0.639171801803633,0.769401866572392,0.498613787801974,0.658421471273739,0.501150382108829,0.729434418776864,0.774136794709736,0.516041994489194,0.710360343194548,0.638112740043755,0.58826542501426,0.631953864476784,0.596309602352324,0.556754089261175,0.622111225082755,0.638538467604546,0.676893950580502,0.655626840044391,0.532297776539555,0.606722218357315,0.606790818195061,0.963066078951131,0.575418255790243,0.681128001472366,0.815632238991642,0.742131044413389,0.639691132018683,0.639851473815683,0.598362779747221,0.962838460931308,0.589594820179506,0.738413197786916
0.917365602253209,0.702489166952898,0.637311364455564,0.800839669238868,0.721789882562729,0.918568562984929,0.778199985520651,0.883203024340229,0.672725744799183,0.865862896859598,1.13117198305085,0.57319691252618,0.896392379803294,0.955226264601298,0.743829718056946,0.925317971792832,0.842784165519382,0.686094247291431,0.885559850436049,0.729703142961515,0.578837449292065,0.802231742972812,0.737987734951309,0.707308116401331,0.66191158257085,0.878234480857044,0.695552170319201,0.626664821009663,0.834577043924396,0.682515726161469,0.739448168823548,0.787496231130055,0.836760317076367,1.08509985090508,0.610004716380546,0.653155098657164,0.520809234905228,0.718004551414582,0.976805587447794,1.26056540398799,0.782901435231148,0.696604875055599,0.938772768958223,0.689806056981932,0.718391788717633,0.646138540608752,0.61993008160155,0.733952431205447,0.672041724823972,0.931075755849234,0.718420042889609,0.81423429403742,0.691124158069352,0.597524425370957,0.682346655685297,0.735109656111146,0.696687867975113,0.890930868661415,0.660238565223646,0.653530515672187,0.811214394365987,0.590587348174014,0.661048879515967,0.756073268518768,0.744154977976628,0.737657112581733,1.21269940731092,0.718522215627284,0.935776999044874,0.885188296206139,0.784269084202336,0.725136053411717,0.532824915845337,0.764224142376167,0.859212334597215,0.815259507137935,0.696224165391678,0.758288279336791,0.827167490639361,0.677404179748356,0.883118862886549,0.880331548694631,0.693317090148556,0.747251085957744,0.886848278465625,0.683478602878565,0.864792493874096,1.44852091268468,0.61735287581564,1.05379481734458,0.925831205166594,0.856898404013197,0.918448036893907,0.582105502941876,0.651725597643922,0.771217994448016,0.770440944830927,0.750757578760921,0.654701991432192,0.684856388415933,0.740317813050155,0.60100034438638,0.632445062192315,0.784127034575119,0.639031273965731,0.544157865724721,0.80404758412354,1.12519155954086,0.75898257808928,0.589182088557983,0.796671980046057,0.92312255921445,0.629287056492388,0.704505124465849,0.879221654339796,0.702178263397845,0.922703963494044,0.754283788142122,1.05029397307586,0.731897092215242,0.730834311840587,0.736879667453078,0.63338799703077,0.722566531730631,0.811087759293673,1.01618000378845,0.862122521981015,1.07765464154449,0.835966437005123,0.889542727271622,0.64819659772733,0.723413718703195,0.878552282719616,0.647648438316125,0.844004770733602,0.791364859445014,0.652949327499594,0.632123834969604,0.800132663783166,0.716776291360073,0.732496219608144,0.689463213482118,0.718337812720152,0.81424931180542,0.597130710357687,0.750552198289425,0.694774793982677,0.597331114097141,0.631256919389373,0.804311190096422,0.814630956363301,0.771964296101321,0.664988846850005,0.677140922835499,0.552681704793417,0.945349989903677,0.812457274605721,0.832368937051337,0.690146406967808,0.5982326538915,0.71199281001025,0.835529995187809,0.621047128257993,0.695301644414538,0.6379671312983,0.574159083123005,0.535393227016841,0.75472127593625,0.52812490496629,0.732082577225658,0.611376925806484,0.705342566943105,0.862098980975205,0.674756201052785,0.983844225080003,0.640222658807737,0.783036265399296,0.808921929567751,0.925247751281019,0.717698859977439,0.853176292494703,0.85536193133898,1.02489130492404,0.635362503863327,0.914322416729938,1.12396481039233,0.659205580395649,0.65492579850057,0.840646361321852,0.790143106357064,0.738269992006075,1.08571681037877,0.634516659748763,0.714559974872088,0.639012103797697,0.860197884470496,0.728650348380387,0.703740989412012,0.958955112289793,0.784058148546612,0.443766446415106,0.72747725132137,0.978907230790545,0.726316052641445,0.888154793072646,1.17790720573306,0.610520557953967,0.809955256588232,0.674795784357361,0.544858328895861,0.580774012659747,0.71138594415389,0.699583949305751,0.551824556752262,0.670399926013067,0.919856568720085,0.835423619917281,0.663013607795161,0.836428314064768,0.865907817940634,0.909641206513569,0.723926837991695,0.741683403844245,0.730188427455744,0.762620735920535,0.754174795270929,0.674137349564032,0.92981905994968,0.979178360707292,0.736511043435936,0.734809861959188,0.580689573771467,0.60673130692504,0.69278000063547,0.684557985444184,0.769299056931039,0.797209815032546,0.683364428426756,0.919236382805103,0.735435082483668,0.685625567363228,0.69471175085458,0.606227410927712,1.07370075206267,0.807386240636637,0.725558015679986,0.743579774603418,0.878117363006987,0.741785221896044,0.585458466436801,0.60955179616366,0.651451633703179,0.708273246482694,0.657717315836124,0.701450267779867,1.22184291088356,1.16754799507806,0.785856569404876,0.905774661341273,0.784167711335938,0.67976602135761,1.06399928420669,0.543611403841795,0.651569625476369,0.808363662140122,0.779808232267804,0.807928881742769,0.686828072933168,0.783038442618346,0.880924001276688,0.579597916640878,0.869172439741643,0.769192506968278,0.673799503077618,0.629866997906478,0.849446762768966,0.568985090002967,0.772521471720682,0.720642964775147,0.782593677446383,0.846685200346478,0.684031544801218,0.75324966683992,0.503947365776778,0.731135026730544,0.576817550865774,0.578547212460977,1.01042448571383,1.00654829757191,0.81948157631281,1.15292699854436,0.734558310191835,0.669446446432539,0.595308773268379,0.709109954744727,0.712854909775233,0.722283164502994,0.774292306320241,0.592767684572405,0.593301776512992,0.837137415714684,0.74245018921765,0.735357428454297,0.825148154281478,0.710643979940508,0.598275772949629,0.63259993144243,0.576618413145028,1.45929326694543,0.631048426672931,0.715696542304417,0.73570082423961,0.767873286985514,0.892135734883628,0.774322961231378,0.798837643294296,1.0581904150026,0.835134683151148,0.722607216853192,0.670142082929304,0.766619314295133,0.686306060149175,0.705809761096552,0.908397020078088,0.894040575294381,0.630021232844174,0.606220400416416,0.631929679725773,0.872246927995974,0.714572318193844,0.77386779678799,0.917933668626417,0.776186786952109,0.713036412740805,0.720943553745438,0.924380005423057,0.667954837057293,0.786962709230528,0.590752550075319,0.773184418856931,0.818290668447978,0.846102720831964,0.816813082680545,1.19586918957733,0.768692119738686,0.732176939991285,0.8753505129615,0.832957093599284,0.752164440638185,0.770102775353939,0.934199715491073,0.776199502024712,1.0355123002165,0.783067374389187,0.813653858827793,0.764663122725741,0.530411864943856,0.813608089248224,0.705117420346105,0.649284756101573,0.724088499054479,0.670609008982905,0.891478520704676,0.812181830536447,0.667892552949398,0.94255803193249,0.839931463790022,0.828308472510278,0.887859236000192,1.14850169358021,0.832624276243997,0.699432709419912,0.739775321822064,0.560190391968334,0.76957786019116,0.78373980964087,0.943569533977896,0.971199188018386,0.886158445600049,0.730132268918119,0.800730653044907,0.667540139641679,0.594964549530204,0.713843962571212,1.03095874724572,0.734281768791725,0.773697122988943,0.737650703257599,1.11132989053472,0.735930610641263,0.671164367381363,0.659727544476968,0.76872643362789,0.592765480336905,0.697131626319889,0.787475341281433,1.29320218417087,0.707918991952541,0.702215795165514,0.776616576172214,0.714745821582766,0.663784772810574,0.526487448704989,0.672915667846496,0.583302160590748,0.735443259851737,0.573859598082164,0.802900827438977,0.972348767827701,0.672201827858334,0.689783464030081,0.977209016274568,0.614196198011865,0.729737313421891,0.630795738666831,0.575489205869416,0.681544637347324,0.767357615358993,0.738809136338454,0.71155287989488,0.735129219271367,0.714565598706127,0.971654225639578,0.65765705608519,0.96517862124273,0.790272621445293,1.12849949968703,0.821243185003416,0.745212341681741,0.659703037981322,0.808168203173681,1.03859273084242,0.651685072874781,0.766589917472211,0.567921592706546,0.760794653950861,0.643420095895071,0.706691044322987,0.852119352448154,0.963401882639806,0.833802956029007,0.769920273709598,0.706969899863722,0.666559503165702,0.787807723834155,0.681089753719755,0.52382897858271,0.704736835106985,0.631805380734162,0.733231581219409,0.569310022618317,0.759582588135818,0.748551507320617,0.953947028807169,0.628114116058377,0.713074061934077,0.846922053288365,0.7216327440833,0.642890039059951,0.795755869203569,0.679284128134781,0.998038502873474,0.80844711284827,0.838422458602701
0.683870745660696,0.600189954133987,0.701637591954837,0.473093208783685,0.875250038280334,0.814142644706868,0.639511889043481,0.90654994046948,0.810327919373083,0.771229998477909,1.12162416347878,0.596963348075954,0.691599547836044,0.96724477854408,0.763893608511919,1.03244869721665,0.553021888418211,0.705707099048635,0.857493063583054,0.716052913209807,0.581048242923716,0.69246607452762,0.646224800174655,0.74985605417051,0.554090969446256,0.774344262231991,0.621322598092976,0.729917289307731,0.784476461615881,0.56773776932198,0.723417765825174,0.857291217568343,0.809432920507687,1.09292674393663,0.603169336643504,0.619021330901684,0.586285838072296,0.706598789664317,0.628221351369932,1.04919931421367,0.729204584242681,0.677785054852448,0.721100456508558,0.755502140821627,0.741132483982803,0.69724962107003,0.70707310476801,0.727498330887092,0.567340553434308,0.488928140883635,0.898652950669824,0.705474326639984,0.694166997493327,0.582581401169311,0.799930855813832,0.581959404979865,0.499699830978345,0.64851507266244,0.685883181882092,0.462996329428276,0.841142775849932,0.600571352155215,0.721470661826499,0.640673977559526,0.769738421999245,0.82333622457631,1.10396792811962,0.835753494030108,0.859996969839733,0.940722617997179,0.576820177540414,0.869263556097982,0.584045281339689,0.716055149735037,0.912824780376541,0.579001853485125,0.672554978839677,0.693101140823748,0.848101199565249,0.835818697878268,0.924086598128377,0.894636746333646,0.562318101192618,0.678653391191221,0.630610122757857,0.426908059444978,0.957558885537289,1.59226509663896,0.602357944804184,0.768344028127552,0.709281038124087,0.776129872999993,0.815384761623215,0.489185067690649,0.624863137558859,0.77671967886702,0.792782860922962,0.682689985062686,0.731095828518967,0.738736265022816,0.789192421398051,0.59089941798508,0.59371962551474,0.801071335863184,0.736048050687808,0.505515128224125,0.81939274931087,1.02626984479814,0.768128420411484,0.665429840034997,0.821879142811163,0.872912728876082,0.63000866625393,0.712623537254906,0.864444924598172,0.399805350945627,0.695540531910103,0.775378086063798,1.03932626243082,0.498684514625088,0.671089289963559,0.794201376911271,0.657305403014561,0.771482824614984,0.628782229532255,0.651858821309005,0.866561944224464,0.871877723261483,0.495058703184409,0.741085776754784,0.547963528947314,0.783817279383009,0.668558842074234,0.642094785078777,0.684032894271384,0.689035350816164,0.74448411788595,0.530194387785597,0.790082069450175,0.58310534942441,0.835730228490782,0.67084152729839,0.677565839304171,0.867165418829983,0.561572274418924,0.727710035515871,0.756618060499849,0.624252833270663,0.613287207484583,0.875785244898462,0.813117244094387,0.898538461192012,0.738005729888154,0.551551926398899,0.57105579507488,0.863611182095536,0.913756961433544,0.776459651778061,0.738609223899859,0.57892160545192,0.546739174248135,0.81999528827742,0.343011861877633,0.690905124701293,0.621723799985641,0.216661179176216,0.590152387378144,0.462688247612252,0.441828039509087,0.713909864849015,0.675455115656821,0.77844792248283,0.800055332157055,0.593872202418173,0.785280034274685,0.696506836660971,0.789133526106596,0.677814762884813,0.995032341212165,0.747713026960702,0.882798632595851,0.948564340058486,1.13289380751637,0.555990152713818,0.630195269763013,1.17283185424693,0.559576930877029,0.598162671982057,0.8274179780129,0.839487670409667,0.767904674603888,0.782173068270072,0.624854534286451,0.688331612287475,0.394548300209842,1.02414951553292,0.839764167141761,0.681745401861622,0.492666546208389,0.594281395194174,0.551439469452539,0.796829450948912,0.984989491594034,0.672132195493491,0.784914687458129,1.00778020578292,0.581149970987965,0.67232757708514,0.497182352407134,0.63700311619322,0.545907416975568,0.71722540576641,0.77757258518451,0.522990812225105,0.699973957454944,0.724840129765141,0.942272901202316,0.801536331855097,0.888485323864751,0.84300397510877,0.778254645463752,0.778859804641247,0.456292762264763,0.768293447072553,0.601183144428242,0.815716859277899,0.711977973580712,0.745140041718934,1.05300624609527,0.750431317387887,0.627220040596385,0.340200173807622,0.655439266811702,0.671450270673868,0.721778334812334,0.860937622682916,0.827997179862166,0.724047374847678,0.736733449450732,0.69383478285325,0.683673452339396,0.727356784144644,0.638671723530253,0.83797211434774,0.704131780799793,0.834652193892772,1.099965973877,0.936557908921205,0.602238450941966,0.629204747879781,0.569557600939085,0.548554167185626,0.730402421172254,0.803233239923065,0.737102552473937,0.944851230953029,0.970836634435293,0.743634017099508,0.567959394003687,0.783950631077642,0.47742038662676,1.08328816452265,0.609020049339945,0.778754391502766,0.491214619218165,0.57647237380428,0.72847618873413,0.574673279997763,0.817677743764294,0.661984348470465,0.575851779597686,0.784960259353075,0.632242307995625,0.688868081594169,0.622396283039213,0.432456199443549,0.380632302829022,0.666309165176391,0.8138537575357,0.826598142814045,0.69792504279811,0.660211276444453,0.677358774502234,0.495488081735917,0.565293348810676,0.536930355668224,0.6781107388064,0.79554644647379,0.863009193118567,0.410625366348878,0.937674143384879,0.756519731370114,0.387320349627977,0.655964376758112,0.688218027359287,0.698358618824943,0.548362396403588,0.805495731310231,0.54365148944033,0.614848034388189,0.460858897038155,0.631016190533193,0.784873064071515,0.632896752592745,0.629034918901141,0.63901801655149,0.552067263678501,0.352006508248607,1.14494864804934,0.664082374777111,0.638245166034591,0.588546277777122,0.925836854691775,0.536899781956113,0.540033786899286,0.713775435891936,0.881195206788574,0.698898746951138,0.522301548026609,0.701694973495652,0.845065681987859,0.858672405294005,0.721686197443921,0.559586320138936,0.596331541634358,0.631527346210364,0.477937631128729,0.594466708066105,0.694960850528622,0.736825402877707,0.699355627204441,0.632079622772051,0.81834946556827,0.722338755160101,0.746250873222523,0.810307888587487,0.673393064264014,0.724306353360212,0.594387919725196,0.577639944320921,0.81297323714032,0.972402978159551,0.380583554953027,1.12371412638672,0.65721821518755,0.669864258262801,0.879033058098028,0.544714979465992,0.803984866807264,0.808204911207508,0.691385117767146,1.00514989390797,0.771600090464749,0.621519911478768,0.76835575077067,0.843494878553867,0.249890155849904,0.827339370981807,0.690729982613221,0.71234112122674,0.537295409796201,0.763115660872577,0.910447114484027,0.717566042627713,0.629959171747874,0.607449561025325,0.850646263876841,0.904745644874677,0.794825812896574,1.18427542462671,0.855800979327621,0.526092927622117,0.79023098724893,0.209652817965576,0.685342999960689,0.753594322189694,0.935495128330279,1.11883807906797,0.538609408545933,0.610262452477315,0.763164464226738,0.669934583507491,0.589000584645691,0.821218865193965,1.00037532487466,0.819291813969167,0.736917836633284,0.63460112178599,0.880298894909271,0.729675385638349,0.66775960606554,0.587582402540367,0.860014766923975,0.571119674089539,0.636904480113541,0.932844275679344,1.13436787686196,0.750759048963947,0.555701161207839,0.825715103086356,0.770645142171936,0.713732258522448,0.518435513457884,0.642843776682222,0.595530479556165,0.737224209693495,0.629764320766211,0.454044000682828,0.641595354004865,0.644433172389357,0.750575012362508,0.876361069416462,0.735357740630726,0.569181751409478,0.707351334884795,0.497861640250743,0.726688264332098,0.696230720023914,0.665127948800367,0.546358547047062,0.774504330622075,0.798794760139798,0.944054033431467,0.545632567971395,0.88628380026893,0.411653904042569,1.01647626983344,0.866226787446526,0.712493012235189,0.602334160241942,0.645627909381478,1.03836742281292,0.702652167475786,0.715628479591281,0.599548412277211,0.878910317846712,0.480142059630526,0.845028195829737,0.959715415591125,0.5255674185148,0.808760728985749,0.729318588944046,0.775458748390816,0.530616191320761,0.565577451827194,0.747156212030254,0.468567986178145,0.519815461502624,0.833879056464996,0.735967007261898,0.621188151538363,0.686962187534288,0.775806909769039,0.796213402188877,0.785488969957302,0.676928097023064,0.793775307883601,0.745210795981813,0.656614514333847,0.760138954426159,0.575945929081259,1.00292516602373,0.642807785124343,0.63892245142474
0.743650841320448,0.811982901131768,0.67735141942325,1.37648868968416,0.890928640706222,0.979785462907383,0.811341038016224,1.02340256515698,0.792952446546123,0.938336277556214,1.26490286161916,0.711378021947345,0.953292133283695,1.04239060845014,0.859242465592725,0.874304076322764,0.796113510120354,0.92262574749065,1.06623175082981,0.986035103142673,0.856314133879513,1.07406345339063,0.880579636969805,0.471609560636603,0.840296025584918,1.01063929372665,0.932474470057618,0.631828630985536,0.902938265624678,0.79264828432027,0.855860969916224,0.860392903599698,0.864208939250132,1.10742313700644,0.793323946044266,0.899104124794787,0.653044260100668,0.769384763829077,0.731168492352817,1.54931916466047,0.924247414614183,0.791943571521435,0.690047063419042,0.734762739387304,1.20118440131857,0.762093885984673,0.43149438238476,0.847472086257171,0.851559068251935,0.842657853802292,0.942726146933809,0.911324558054003,0.961600996807898,0.660729902339004,0.740179191877409,0.874580592929503,0.732454469847116,1.18565872578595,0.909867357314452,0.642297524593568,0.833504771266169,0.722997881510434,0.752742604770474,1.08966156419777,0.911781477705091,0.822124190173003,1.22738662632041,0.763974399204524,0.956217416426118,1.07631548659381,0.791405239854358,0.60190755592401,0.653571923198354,0.906158456371111,1.03890563054458,0.879416689725423,0.796314062963129,0.924294249769704,0.859043896999115,0.903150614300829,1.07513049044009,0.879708351673614,0.757447028493348,0.746817130531161,0.991449264800084,0.776872486493685,0.855850976472012,1.55543254678758,0.757037345614966,0.910412341085006,1.07107153113726,1.05745211566739,1.03079131328192,0.66858876470064,0.794291810887906,1.01063529074134,0.794103440442014,0.691729858224148,0.757817785160339,0.799115893758771,0.611825922824688,0.645219496903121,0.732140339450978,0.842408959414549,0.796012807064357,0.733285949901302,0.819598337126327,1.2026782200169,1.01904888062531,0.941992366176063,0.94354288376956,0.977045901100572,0.842377179657789,0.799612217334227,0.995410297619053,0.652648703061902,0.695677702521178,0.852174147829036,1.10813868273639,0.614489897000279,0.824573696547526,0.996334691945319,0.710617495587402,0.8157760544777,0.652031403019669,0.862767630499547,0.927537089698204,1.00460241324248,0.729138769080671,1.12103599795321,0.709339247927116,0.807049822804345,0.623587721146933,0.66474483326128,0.936525048350899,0.957568956228363,0.725724141299912,0.738448801552371,0.922493675265817,0.677330363842727,0.63165509275597,0.773068058146233,0.744657896540167,0.878645954181017,0.652293667379026,0.8629104779007,0.802861535377455,0.691013381727885,0.699766824651264,1.01967962239509,0.931282828181179,0.781952428804184,0.858832555243809,0.754454636770069,0.691730268336836,1.14197449717121,0.807765899820266,0.941768478565077,0.764741157023537,0.725449212758227,0.717128408493611,0.69784247654989,0.581311430423309,0.766597760625291,0.690223219451094,0.523686430682047,0.651776012359935,0.695650230374294,0.547988146129441,0.863555733803413,0.841632303564813,0.860535522928924,0.909174773095925,0.749231528792484,1.05080980464774,0.826209212556404,0.915758975829105,1.01436077297659,1.15049480419734,0.917264403475315,0.988268070793724,1.13633064331845,1.21512257127719,0.795145124999892,0.736117963919368,1.10525829573759,0.820904290802465,0.746113824842809,0.917767227399557,0.939062292139357,0.812041180048965,0.730663557717404,0.68291268128237,0.847754416675667,0.473097589270321,1.05496894424818,0.784805246963026,0.767958578772386,1.17058858011293,0.7972294577965,0.653149793089402,0.767631951570399,1.03084192816912,0.848059561510991,1.02793616866346,0.956992210451622,0.667829762228577,0.681475766568646,0.80033390314081,0.735144172201658,0.726477742098429,0.97707018511167,0.717426287551585,0.631997222815758,0.73764209827921,1.01921013476077,0.48469432725731,0.818167280071053,1.00209335463995,1.05026433091944,0.901075384699886,0.77607418557285,0.819280127542358,0.705133614103248,0.858466598812357,0.795707739019812,0.734055712262624,1.01139277730686,0.995887920103348,0.71780868144657,1.04072301107399,0.574113710350282,0.692044267349781,0.719393987487607,0.786581777718016,0.734365815831013,0.833318259090203,0.774126641523788,0.848169406826167,0.890220433634988,0.5421292972092,0.836972146052184,0.798074172862483,0.718172167358565,1.0593722335993,0.750193138598771,0.871614402184569,0.966046054298815,0.581836608853312,0.725984466231299,0.735371575818038,0.615707122679192,0.919549422064712,0.904038949706605,0.663675252813493,1.12087378029623,0.981470659100941,0.929697934499075,0.671853612192218,0.892090465956699,0.762638065614517,1.05817558163062,0.651849633104022,0.508545196745854,1.34146823203141,0.783688191074842,0.869549281463423,0.747015487897569,1.03069718141471,1.22806586989979,0.687823988034244,0.916470020423401,0.917840744680674,0.913703708225614,0.715457603794167,0.859459255197018,0.57305325120182,0.839858142327142,0.86331769199833,0.790052453045849,0.911419674276258,0.817132203288778,0.961521220718315,0.656756719157056,0.655953992670548,0.786721414095099,0.67050459681688,1.30556024195705,0.892512782010763,1.25660486708787,0.891171445707017,0.808909853170902,0.451240505565223,0.79276890932099,0.777056516447918,0.919972929254292,0.791212927950779,0.974939848270406,0.704716674536213,0.772519364245847,1.36851916351831,0.875825936996593,0.834876144251289,0.811976490825845,0.794997867185041,0.816177855169129,0.620576438980399,0.651709390888329,1.50609131100338,0.683096995909796,0.810726811028312,0.580754710835684,0.471252274263105,1.25444408999143,1.03385465133275,0.800679443346841,1.12193447926583,0.894634792032761,0.765264873355979,0.710260111360269,0.919812562433136,0.807618553818698,0.858586126822297,1.06425642682049,0.743106544379655,0.813945903417721,0.747757483705482,0.733717117222335,1.00788892150841,0.932426392060413,0.714844795700102,0.748052390368958,0.791800953933276,0.833958420353648,0.803369981553538,1.20918192924195,0.807484149764955,1.09607636382876,0.825869444863153,0.93095010446406,0.898188357230641,1.02534787171298,0.771381610074509,1.21369858482895,0.890125615507859,0.832335403136509,0.918077913087837,0.589167913741132,0.916756694924147,0.825066791189566,0.70159283550894,0.779128762125659,0.999373311837552,0.71175226144826,0.763491047086508,0.871101117650921,0.628782710169285,0.86954014092328,0.89352861932976,0.634115287139768,0.903308228991545,0.70550408987592,0.962828073998729,0.980541976255275,0.841425372000064,1.00386389142807,0.796817886963256,0.877853998620636,0.927321029283001,1.13344905392825,0.878290670166618,0.816357081873645,0.882929443157609,0.507960133418683,0.787184507139082,0.901282403075195,1.15362868207749,1.00237665754004,1.48213343048658,0.766575165865771,0.877348933445556,0.704645809750189,0.675123692626077,0.792035754702971,1.07090146941855,0.902687545678984,0.860271407519031,0.729727780343242,0.8574498680971,0.743391643553511,0.821679908123317,0.737596271933212,0.731972682940583,0.71150839086085,0.887142014363907,0.800529578107634,1.50293281609782,0.858953382443228,0.630320026796574,0.933695958825942,0.957770849816069,0.699432421165463,0.714293052955829,0.788636116916525,0.694080122794224,0.793970976937488,0.772642801940647,0.845003192663126,0.813674241003306,0.748952660882633,0.869895037910026,1.07112164526829,0.678908644141652,0.869709650731891,0.671842996176213,0.658039464568255,0.861224974090145,0.781066794332981,0.788524210898414,0.838332622134409,0.8524224764032,0.894969194787095,1.12754648039516,0.791620714656862,0.979973406504801,1.24755395422781,1.05967765761086,1.1047971798954,0.859146548945339,0.729644575390569,0.864829560888767,1.11183764464218,0.714866840926012,0.74363302369029,0.676869916890866,0.8990793431134,0.78011072735894,0.962410106429852,0.907516679442323,1.18396006911107,0.922632911261428,0.811671958494321,0.746662799490701,0.752082013328856,0.939331441517624,0.823588878825391,0.528034566946214,0.78345535111192,0.687543326848096,0.881373373333377,0.849980814059862,0.965729589489561,0.904596427960566,0.842326927271101,0.810605096557726,0.837172229323566,0.928797602256823,0.802739111974592,0.877343792273617,0.711547720404844,0.764434733808218,1.10772094672074,0.951535579533528,0.908000868697813
0.95307807775167,0.598526246046554,0.559169990728632,0.818016900668541,0.616430060152101,0.909083943533347,0.77676997114071,0.750121597536074,0.620625646515523,0.807951340376054,0.942711784145153,0.477535372714814,0.915410138109433,0.800855196327963,0.642215300713467,0.942439184061903,0.960746181349221,0.567387522480662,0.786512405489831,0.618150437167673,0.543140385499301,0.635388437884013,0.763637559897385,0.666082673853699,0.662825931025444,0.799509744826632,0.582327124382253,0.583195913594553,0.654010729123409,0.766939344225824,0.716281251709173,0.780797985928808,0.774058764608935,0.868855728524708,0.558111813138236,0.548744932454088,0.470100350801654,0.494363075882303,0.989295206129484,0.973745130002326,0.632460677079997,0.674671684245642,0.948750504939115,0.622971932822991,0.627157994477208,0.623463834427245,0.538337801368275,0.757881036660188,0.619662896795143,0.842238473893576,0.604259671507257,0.617248157628219,0.575046910917706,0.517592812487906,0.649589189898904,0.678719256651186,0.733444901281613,0.772334621656969,0.527596128776491,0.640204474439883,0.720677396043378,0.544254552951397,0.526720973742256,0.614465669331502,0.700547752763381,0.642540421689789,1.36466342884397,0.648575493562397,0.865924417815741,0.87031994557898,0.866010912500095,0.654474609378591,0.529983433771873,0.697682753106065,0.830284723482598,0.772913095021964,0.582615460189716,0.678016410065233,0.699546769267002,0.651427768562741,0.833519971250233,0.795545243223629,0.63435364106262,0.714855080554097,0.900427082481129,0.581375231863819,0.759776739119536,1.2032919782504,0.58630877752426,1.41753208504733,0.845348238093567,0.805653339511635,0.835227048345722,0.5696992749101,0.61161650232511,0.663978601717619,0.665713884416838,0.866974991624242,0.609919801908131,0.553956554903302,0.6515356660246,0.536421779473093,0.529861902413376,0.761410910783728,0.556040200263768,0.486171336620815,0.653143031146071,0.950269647730257,0.635426478687356,0.518144764282684,0.753477722246288,0.934212369844257,0.5679665748121,0.708935041332222,0.826039133889867,0.647856341300465,1.1376494551674,0.664498812494653,0.945617832497383,0.72391729438095,0.655182245613674,0.751331180201686,0.537857494873599,0.643132421449618,1.05679186133243,1.07117349652973,0.745006034233472,1.05029939565896,1.10255719400017,0.71689720982433,0.566842111260413,0.6657930986087,0.897173690354171,0.631943104921817,0.871242200859181,0.743660773373603,0.583690509433634,0.592164867444061,0.69626854481226,0.714968845435746,0.661081506104425,0.618658005933472,0.775752894862685,0.721013630610273,0.636515527721595,0.697584295306815,0.646404635419166,0.496813337134554,0.5547348627216,0.690403304385482,0.777998922351285,0.657053423981101,0.570845097528552,0.702166287464134,0.460973931087447,0.745005632485845,0.744297756572868,0.71062354447293,0.562509084504807,0.647513387666299,0.773874622211832,0.678489169916498,0.799917539149732,0.59818038338369,0.522496692758622,0.502804269619465,0.516864370672656,0.822729406581255,0.537471525404754,0.589748535667132,0.50564438821565,0.656110455262238,0.828857865455274,0.644319909423544,0.831039381601552,0.573016477181957,0.73022242374806,0.614112033425815,0.863015474026954,0.658757627180171,0.713143500897902,0.692764156605486,0.901157542678822,0.582744424204792,1.06580284905868,0.843990157661836,0.619318365585397,0.608867088589039,0.775887878246586,0.606931323561749,0.795169672607659,0.918408537824757,0.499857365705198,0.602812983474054,0.70126081843016,0.889704381612651,0.632418353173518,0.699864765149124,0.755964199593767,0.704870330660569,0.431140951751054,0.657174978692575,0.809353780194483,0.647304502952927,0.739170534336464,0.934715267551037,0.544367648671901,0.68475313187796,0.6345214832743,0.506308231903845,0.485326986668307,0.60702351334163,0.631384503227491,0.529361586045073,0.556936080886982,0.834805916036451,0.739624194329684,0.590257387953494,0.742755416749796,0.744135939532836,0.85676328838968,0.671714287845963,0.625641137321659,0.565423506278921,0.68072079593209,0.669164964524308,0.566474677572376,0.864585693498217,0.829493950046626,0.563424032292627,0.608577545849114,0.572758979293051,0.565367035784784,0.549430325267201,0.630522766032122,0.735492063915948,0.76965060807793,0.601276330270545,1.0342012699318,0.77000858318094,0.614320770077479,0.632373082721822,0.538722905828768,1.14748251689859,0.663673710189066,0.625171092375617,0.773582710624013,0.806209122088422,0.759032559417923,0.599534541577702,0.573709731102746,0.721066811967424,0.607555413715296,0.622550590563924,0.633191542370288,1.02438475378731,1.53224907567582,0.593403969023298,1.13321133435502,0.673092188905026,0.625632958564605,0.893211017078572,0.446077971605417,0.61542627587969,0.867533934870518,0.833033678254773,0.756378719788161,0.659565181456798,0.683369124788174,0.713967691959478,0.477345952538424,0.854980378847628,0.700818047926793,0.663834457917639,0.669954578018956,0.790943757327032,0.645507732595657,0.729228985092318,0.655028229275417,0.707163126404216,0.680721785222695,0.561101842557293,0.715312546162214,0.443368148307749,0.733560520904521,0.532104214187702,0.479584235575941,0.894704110443185,0.846652765184154,0.772682278599514,0.974740187355458,0.703395781438934,0.797428637803235,0.523430930091633,0.711109726709155,0.577600521900651,0.646092882238831,0.666663710836293,0.624269781044403,0.529286265249202,0.763574642424078,0.676014640758657,0.654800765803416,0.909403471630233,0.655437019490609,0.454163864121281,0.645855985102113,0.689590642029563,1.35928732938469,0.510063065500928,0.665674304571026,0.702957003455946,0.7628390613508,0.882817920668049,0.795558504020651,0.722530179698989,1.04648764752747,0.74070664264146,0.807409569016733,0.565843302387836,0.625947158037131,0.606911125864878,0.640239529924524,0.992445208824541,0.922942017521503,0.539621073905656,0.580540474650489,0.579478927009477,0.719082020754961,0.683827618576424,0.65351352393843,1.03044384203588,0.641996484958488,0.618106999959434,0.59709104605463,0.695490681956269,0.605669093343119,0.882233843412007,0.490741381804958,0.729522822861958,0.714355248361886,0.754540417064365,0.714718853750694,0.967905446387523,0.676526671343178,0.713688046452279,0.736484219136179,1.08690790583722,0.629531861125337,0.651694681351888,0.862713617472586,0.697743703588942,1.0334371624633,0.799174134218992,0.66402591180412,0.665756393608499,0.606213088498114,0.742857696993478,0.603866921825561,0.550640538741485,0.61373194662662,0.577403377728087,0.788485864247997,0.664815155043027,0.548263332077259,0.8911304260405,0.737985981862146,0.725920755830581,0.897241605092362,1.21625628246417,0.779971385721622,0.705105895746521,0.63728266186993,0.486708826044329,0.814933498887332,0.741929889911533,0.864172845133437,0.81568888484892,0.898446208367936,0.638736497522935,0.631052497254661,0.59208254037703,0.540866150850238,0.665956002313409,0.940465267832784,0.621452939158554,0.67661879485657,0.823150733061072,0.935031161838734,0.664065261624787,0.753713405450149,0.637544349129112,0.735915215660439,0.562927966170245,0.636453972116007,0.717943950710008,0.848425350254559,0.620461105178754,0.663914249864052,0.617251244511441,0.613488745080548,0.556181760532893,0.465395934724025,0.634931824015094,0.496630207978516,0.61106470929409,0.490579007103525,0.658332902724535,1.04248195314381,0.618451412644488,0.584180484246007,0.903413095503402,0.549292455982428,0.621643913136255,0.506624123964012,0.496930339248712,0.579812497775409,0.845315964401255,0.717303525825597,0.757915192030757,0.669113634568154,0.595144033220326,0.833466507383714,0.544820495011145,0.859359045748241,0.722199609704838,0.984936537752309,0.682924662705106,0.614673413868465,0.733353314398072,0.690917642207951,0.859775710314781,0.607250320077296,0.727096039232525,0.517242255105427,0.669156278788324,0.631608551210639,0.674499498859878,0.678081351341661,0.81882472337389,0.758041123761736,0.672272003351067,0.618741026634228,0.722275643332873,0.732003867675294,0.56936839905442,0.689392566048633,0.668381829219392,0.614504854632771,0.682598064642422,0.539058763479198,0.652831359428058,0.597155608097238,0.997768761051068,0.577545943656155,0.691774453556832,0.790463313967494,0.729807368593401,0.652454176880388,0.574253295351406,0.613824328014943,0.888471421235082,0.716796290969413,0.767068296049338
1.09576887998969,0.749417387456618,0.700703901971919,1.23765741743125,0.725169414369048,1.01760936859828,0.972483592471871,0.894301150550228,0.715289729627798,0.953655640811363,1.17157251271136,0.579710577828817,1.12519624308336,0.900113664262584,0.74879434383423,0.926393580424806,1.12703292671836,0.653428178548788,0.925470745625318,0.703713470586333,0.606909538655597,0.745558883034512,0.86336415261679,0.788843685208853,0.836190017615276,0.933635935546799,0.739409933398324,0.676998689040866,0.823970016661899,0.926404025646782,0.811450394235734,0.93700201557896,0.923493339001183,0.662686916501237,0.644888845224909,0.629293907742291,0.536332696451384,0.622431267751453,0.94097389885178,1.25240278121555,0.800727258092464,0.777134373199868,0.921790977443413,0.696197506516912,0.748565619777608,0.764643697761379,0.6292627682892,0.90774465660085,0.721827548668061,1.21314056365917,0.671625307561458,0.908323380184153,0.695748094767723,0.627365740015725,0.745239194697813,0.896158954788564,0.965536407434422,0.922261547635652,0.639430912587113,0.920735869096964,0.778739575548875,0.670915493759804,0.653242083165757,0.72450367247334,0.796724555408965,0.72216734443507,1.22978946614293,0.745971206453634,0.959341022517104,0.934045332235147,1.06348790042747,0.760527849754609,0.58832910947401,0.849808768883632,0.980477461419202,0.877968262187847,0.639018119151688,0.816482990588646,0.802393442888139,0.743220770661033,0.990289929706512,0.857906833716008,0.815809004058482,0.927185196508133,0.986576934736203,0.719288374190968,0.871146586486547,1.43846484884172,0.757282201934902,1.50537696058907,1.06806833275292,0.997946772754794,1.02265058574559,0.678584658600441,0.72935037086548,0.785282775804222,0.796984682062783,1.08641971283896,0.669639902619756,0.661716685867556,0.788267119244882,0.678862638931538,0.6007153371837,0.923582014642441,0.706555764153312,0.56519806034611,0.746205998256356,1.09062500877792,0.766473419707719,0.602831881498006,0.864298231393346,1.11944561032922,0.644916897442069,0.803142067418777,0.924831874513534,0.816329364112479,1.16440210244002,0.802787310002019,1.01707663279856,0.967718131718131,0.796628178712744,0.932966378419888,0.616344424653589,0.739308557283979,1.1867473751537,1.13827095416922,0.874595127355077,1.1070708710108,1.377521829572,0.859410329575409,0.654554725539847,0.775950897177287,1.06797221545532,0.642730540402063,1.08557477454297,0.899955478179606,0.673456329271237,0.672317487857127,0.787218945371821,0.825891399200457,0.835886846487022,0.731573520569427,0.952293422559452,0.792030008084624,0.77204867292722,0.79615309855988,0.762183656290736,0.593303033227351,0.727529361376276,0.826145065435838,0.95387942733619,0.773341594435038,0.750880501208841,0.855906879136415,0.549870170181143,0.8864179193647,0.882325941461742,0.870672592316861,0.682640754282931,0.805134071349044,0.88567821756953,0.808834037502118,1.01704673800045,0.694131081285721,0.627921761186656,0.736305711959993,0.617705827838291,1.079468443793,0.698463515156318,0.677934831234196,0.585810536176522,0.749032659055763,0.93073457164274,0.790530401180448,0.972063391728234,0.706978611573296,0.894512661535015,0.779729737552938,0.958104149619428,0.748063919730994,0.822914159285643,0.614156518299909,0.832341818343955,0.68854148298427,1.18463338367717,0.560086134007794,0.751269048576121,0.715233069989502,0.836974071638855,0.803167363230503,0.947981825660216,0.979957264746008,0.604575972410216,0.792542240476558,0.906658750127981,0.913766688779387,0.765782562416894,0.800395449475583,1.04413582451035,0.863922510663586,0.55823617514291,0.744954040595042,0.882131973221957,0.74974955131632,0.862665172767101,0.771792066584672,0.626364077174625,0.784157954566842,0.810394286986339,0.53957480617346,0.596183177548398,0.713600981311957,0.792180632187889,0.623319154261023,0.691731161347185,1.00194193885705,0.848814838684999,0.751788939353139,0.900470591598357,0.928958659738047,1.06158388331995,0.761834841618236,0.774896817932923,0.683614515312515,0.836779895592859,0.760492981600625,0.708485070476931,0.993613941481124,0.88003455446028,0.72642291406812,0.683019399999324,0.660675965678122,0.645147243835433,0.625926778382681,0.792362788145436,0.841280102747096,0.893501773843613,0.763229034357864,1.18834955256328,0.789116187111722,0.747753940132751,0.699070014018539,0.673107135487593,1.0523826781924,0.835713518633475,0.718251582460136,0.743550175138308,0.985618493595681,0.935599920809837,0.677549069153549,0.725458462977903,0.85120317701348,0.735581978569022,0.743895935333976,0.777808136516959,0.984958986748415,1.59362766163743,0.714526055382331,1.36251134094885,0.844712835071383,0.783287472059128,0.990050340582807,0.51628365216445,0.721084931765275,1.28571295103912,1.05602281359611,0.875389157642554,0.874866307624004,0.751926561419196,0.817819205088768,0.572900115011689,1.03433276405988,0.873313308995085,0.774511730669608,0.751964890559087,1.10610377654862,0.855645782500966,0.895960038179789,0.801522281828501,0.851879246303691,0.798933988788399,0.687104769217506,0.807702561274593,0.51600627966759,0.930708391082136,0.709874998217413,0.558417255747005,1.04056681853116,0.763255563856787,1.09847760680711,0.862438918096583,0.684172205718975,0.997517969776364,0.603019922070176,0.816870618651241,0.63720965515942,0.81328611778942,0.775857265226442,0.728060617819198,0.618339462705037,1.12458280280779,0.835306172289493,0.762516411195106,1.05369431529117,0.830470751671088,0.55807780603182,0.764844780276903,0.852424043789405,1.48227175393343,0.598117810024583,0.791319083317432,0.790533474505022,0.98409544245731,1.2284303545063,1.08274536319495,0.947674707185708,1.2714571847044,0.894158911117941,0.875123300684009,0.676779723142034,0.764094825734668,0.68457837055711,0.766609544279289,1.35942643374876,1.1038960195214,0.62563301931152,0.71173128515543,0.730441506651073,0.956910853292436,0.79739990034964,0.74153626130281,1.20997371131917,0.772188384469049,0.804070546615128,0.691472098480454,0.871150071427053,0.677714297337992,0.835323716321089,0.590425606403623,0.864607270633462,0.856091905046881,0.79122530597382,1.0131612073327,0.680970382710612,0.79474440494793,0.836805208477739,0.808364824467106,1.36519804886769,0.742578514096533,0.719855189400394,0.94606642456433,0.853196524692539,1.21048542857884,0.893395322024406,0.808229080320508,0.749223181876684,0.734157861221297,0.82483709666191,0.705078209541062,0.677852372567811,0.758881994328661,0.683615534460376,0.929958753183205,0.748078370961419,0.638322845771937,1.19678626761844,0.859995655461445,0.88764322804277,1.0787614814203,1.12290573868793,0.881802974652005,0.882931425054297,0.779159019372739,0.676183235375729,0.99639251074381,0.867708174249551,0.969710461963367,0.995015227836552,1.31247514460456,0.812505337775969,0.709544655527344,0.683472572136128,0.64348789492681,0.763854450814611,0.930382720340934,0.707706326227088,0.816347482260795,0.921667176587947,0.905415244193075,0.804934517195454,0.862285840723478,0.764928911305691,0.899871190612761,0.702528930444049,0.740802864957383,0.865961639749347,0.998652420539406,0.734849047132351,0.890299298662122,0.781633363001647,0.732727052307355,0.685731534508274,0.573365389517394,0.765914269613607,0.664513553930432,0.742019347834915,0.598416485925365,0.850791239018584,1.27527028034038,0.777156454063442,0.635184120728162,0.951810261320354,0.634429715927612,0.756974721217474,0.613052776149682,0.59452966616376,0.682345773431427,1.0586282039386,0.839620001319102,0.966297564522101,0.718833899798752,0.740798393818392,0.803546318552909,0.644216058015482,0.959451064613574,1.09918159637425,0.891335486340987,0.775809171072941,0.728159088573159,0.954034135247098,0.795819757030769,0.971449582586161,0.745939124104665,0.801966294471396,0.611999686998516,0.781848749684366,0.723547498410315,0.788246445210063,0.857879511735342,0.99190475299478,0.882067170277648,0.779195477098541,0.771084745957283,0.903936307524758,0.893582939751039,0.697867528070092,0.867104603958782,0.931107014586535,0.752746111847198,0.769806935602818,0.659842412552245,0.758739847885224,0.703049750382264,1.02194374947647,0.719968301818131,0.821398504139506,0.944974170509146,0.823906324700019,0.783086541111228,0.719694927524679,0.729218949868126,0.920632999982203,0.90075240937977,0.985080046335639
1.16670990901918,0.522775674652434,0.632884857762824,0.911456496398407,0.666545674287987,1.12743734702321,0.85851290958852,0.561503534768808,0.521961985174027,0.966997439211716,1.01076627850772,0.405325103109949,1.33167761545534,0.7908588721776,0.573836655511629,1.30402212646783,1.15253157806978,0.517585280104059,0.604362953561293,0.619095134235763,0.379060695769832,0.483644739781589,0.689968221814604,0.699058640262712,0.718262757538192,0.906439811959597,0.452124808037845,0.57405036685963,0.695994801525513,0.882208244552965,0.651321954776758,0.76994457999567,0.520388771867131,1.10621144455557,0.522824982633556,0.475702668469413,0.453271523574913,0.645711826397581,1.34740622932768,0.790270762473863,0.532113660693394,0.699790117432479,1.2033961614642,0.59041961097825,0.539557685152893,0.480655231659651,0.633114457167726,0.86103453180043,0.424803777438374,0.615154019184563,0.522108990899453,0.928650416741608,0.586929280090335,0.517463147125956,0.722152319482873,0.702588214121677,0.809376630762773,0.540290553666717,0.538590354365315,0.562676297823626,1.19490226582595,0.512834668150257,0.930604233599302,0.371529971023641,0.64026017749861,0.615315291687596,1.84361611169676,0.795467252552826,1.19134760971073,1.131333214659,1.07713648889108,0.713009568681386,0.535243132365998,0.573092658492311,0.734716125919575,0.599431522541716,0.475008302421129,0.596629605663162,0.585097895662162,0.799344197097248,0.916388797504762,1.09706642002993,0.46402984698729,0.824753884790238,1.23063560229402,0.318514856300279,0.735941851067952,0.937484753120939,0.534826233971151,1.91784152506796,1.07591508380356,0.619363413433121,0.681767754183253,0.513662179234169,0.533909980024683,0.653577206960446,0.676906261928547,1.2115105744053,0.781015883746798,0.537272940320151,0.574177252010242,0.499915610958326,0.560092257643957,0.850312879444229,0.436770213817985,0.542452391773298,0.568511509271884,0.991241532388437,0.788941867093323,0.475869133985584,1.02369746498519,1.15929541005877,0.488071358490586,1.03966049904689,0.850471916237727,0.413848030964408,1.35658285645285,0.786410159337997,1.36668783690326,0.66287215664735,0.670865202433578,0.745521161589955,0.557726550907412,0.959096115146474,1.34596915153548,1.22376965003777,0.637133824858264,1.48546849946037,1.49343722192932,0.601570472725128,0.515380238040119,1.0167885325874,0.900922899231405,0.988881340302381,0.776587853153268,0.83310347135514,0.857530776848809,0.561460737642573,0.508865408952238,0.806239560199755,0.790305719186059,0.545247813978656,1.06172253730256,0.740618246278725,0.656495723596667,0.799785958388865,0.806398910007433,0.605058117040262,0.743949909344993,0.968924418229774,0.66914762628742,0.989582895498002,0.800268511245675,0.675792280222515,0.465590966946268,0.668089721160004,0.693106663290232,1.05467655044051,0.534036789779506,0.765044310501901,0.795308247469751,0.492896047459017,0.773280319158363,0.585510960264423,0.581456365577374,0.2193274216936,0.583751823114933,0.729424397143747,0.531659583971528,0.455703768287644,0.597204443515106,0.991079017293647,1.11652624791097,0.720007940349449,0.738334466011073,0.685560572699186,0.704350571787549,0.647641099658716,0.715092805757593,0.59301711197522,1.04491443238732,1.04061140272574,1.35624798737823,0.509061161004456,1.12451121165603,1.04189759848294,0.556421822776571,0.589262238222935,1.06268849998077,0.613623051690819,0.767061640806339,1.19384505733231,0.574003406777227,0.638077394890415,0.880739635211579,1.26937972444656,0.466341887848859,0.948391158569242,0.585301709165894,0.627121736519292,0.609196409902928,0.660977303615418,0.699793979317409,0.554962783414657,0.715612868540928,1.16729962183767,0.450443196591249,0.890661112979001,0.581713002318023,0.584096199420903,0.453833548692695,0.48042798771726,0.721080099449541,0.537888229013641,0.609805589166605,0.663177341244853,0.608503878083206,0.670201481442226,0.75029555797134,0.774189899079392,0.901538417023836,0.580651097462981,0.387763662446982,0.597508398269829,0.692212576446763,0.697132069085689,0.575981285065037,0.675777404767559,0.632183549768184,0.546463424970078,0.498598303320401,0.435189723583114,0.704162914372272,0.563581184961953,0.596813546850412,0.835020481716997,0.859750981560662,0.966264136474392,1.47701100392087,0.666391177513721,0.64310122740546,0.625753365210584,0.477672171150599,1.42903218464669,0.48882780802341,0.637296552874902,1.17396647540815,0.848810061669559,1.0664659911792,0.619665575809274,0.555506198908033,0.802332007532965,0.44614874974745,0.554540460795322,0.831739369121078,1.38089533589842,1.98044193346221,0.449708104184256,1.49226013800246,0.625639414026027,0.410032465006181,0.680404954627239,0.498209220552179,0.668090507603307,1.05390182577315,1.24558298253848,1.19100210656714,0.829268432741722,0.56269018892439,0.511662633694939,0.470216945143053,0.844461698731537,0.510844091350894,0.625772558940302,0.606308315478049,0.56425645958477,0.748943986169816,1.06583920680862,0.591433321176828,0.83460774645034,0.507912848557352,0.697617506069922,0.765211531665007,0.514607984137428,0.846023658405711,0.51556267061981,0.559747423108024,0.793079296907557,1.21154179818537,0.777548601964176,1.26267709181037,0.987959752736872,0.686079237557353,0.482126629691433,0.65897351145011,0.519930752590309,0.425580746353673,0.715748914514235,0.569149154834337,0.510652011589094,0.840601532578202,0.778250941979363,0.546162704090832,1.16021483524421,0.54110613183945,0.526267502624151,1.02618536161886,0.644396790200574,1.66503770539021,0.482564033182214,0.594570761732574,0.934091439968497,0.657524041519908,0.94519126335888,0.97416349082838,1.03663168040631,1.42223153577687,0.847302132888487,1.02185833530345,0.596952350125816,0.614993927677151,1.00749203242285,0.622084223215023,1.2857797676006,1.00167862465827,0.509069255397011,0.400601312149725,0.636191304154495,0.592254788313969,0.680878566386969,0.831597642286354,1.48137881371271,0.48892431001741,0.982698958347523,0.573431240422056,0.464772256921583,0.609770487853544,0.673241856575864,0.450516977481933,0.610780757980232,0.654410479602617,1.06106927726978,0.440809366698858,1.20139702972099,0.614569085308677,0.734025226137997,0.578418461948444,1.24927616948708,0.606883175527104,0.60036282044474,0.918016437120251,0.970751145918246,1.44764532305473,0.982528923939716,0.563496025995572,0.709426843193259,0.396886141932719,0.737956170139478,0.568996962656036,0.805491880928993,0.362916335209963,0.889055239693625,0.840267542069344,0.586656947189912,0.642428373828471,0.698045044990251,0.733173246178213,0.695995349816523,1.30389192727365,1.84367817022182,0.660325721388081,0.810005070443266,0.677648219951643,0.212102445724904,1.22867465330207,0.717596894595136,0.69175318866663,0.841942421154828,1.23235669037467,0.611889076258878,0.484633670020648,0.608379371003386,0.588562349255153,0.535167735073362,1.28682163492432,0.937345977659178,0.711971006788192,1.11444442767168,1.0224979208289,0.555648168561179,1.00007673773922,0.644784167720507,0.897759530604931,0.752606601078062,0.431517074750662,0.676677622370562,0.559481401267844,0.790462239861055,0.801152590891846,0.563881014067254,0.591182462385781,0.604886132270059,0.489629441647789,0.601904303709492,0.658914946604197,0.570652303519254,0.572314692741868,0.452393541146121,1.36168284225683,0.640653157237414,0.607120858821348,1.17593705757782,0.634020576473855,0.39874722635417,0.592851903090962,0.488373346444588,0.545727584440616,0.898545798749394,0.734116339615691,0.958541697513005,0.74021843256548,0.64489179544435,1.124763640025,0.476011381306776,0.966093119321955,0.875211672565841,1.29325767292883,0.537235311802716,0.586975685200131,1.07656402059739,0.51585137658973,0.683350795509941,0.753574954187112,0.966290619876133,0.588653483762468,0.829418572463065,0.523216904890722,1.09280818133199,0.831947099281862,0.601358693045557,0.652157325222776,0.651245322060544,0.670134515544246,0.71071611707412,0.568795661233186,0.367877521494578,1.16723976792425,0.966012017178958,0.818256965128912,0.677113945960309,0.427149040776086,0.590110996418088,0.632785190180647,1.28278164978618,0.528836000010737,0.840775695867587,0.928849294263067,0.822660968629558,0.466434583074435,0.70617960079966,0.630082937572076,1.22235681075949,0.495040192645855,0.857244042633911
0.61141972754252,0.564673500989186,0.746705155802228,2.23520704730496,0.91498962576118,0.835710003055258,0.901281378929034,1.01745872282498,0.842292632188399,0.945074770964033,1.49435607623054,0.624593236080549,0.723262399503,0.95666180640805,0.775379237396761,1.13323035265319,0.773101773287592,0.735907147023216,0.741113642098852,0.858594178466004,0.825099897089189,0.850074333440909,1.26867106493679,0.886230164736614,0.691047690303332,0.668927327594327,0.653010883893027,0.753205426479653,0.8488795168926,1.10028889655191,0.989396431012481,0.838443846326084,1.16203378073068,1.28348775653856,0.56887504772957,0.571008851268037,0.614001518945505,0.810392586308616,1.01774994739383,1.87348380836799,0.758577733415513,0.683152876716493,1.04683514284384,0.923322351438763,1.00102117299469,0.696159787533858,0.7653569911888,1.2470293066298,0.797996061891339,0.490001540359123,1.21027161297246,1.01393933724964,0.975077130274934,0.725630003704046,0.844751553794725,0.864394591264017,0.87225416009157,0.48068600452174,0.975457618871602,0.493414763149182,0.914070130856069,0.61356293110969,0.735907509136112,0.872293782922535,1.02348548154303,0.876517579642763,1.36878105834989,0.926017007379464,1.1495250569396,1.07803743806642,1.20588357584747,1.03161561649546,0.688541262096189,0.757803805046226,1.32739591617336,0.904264118522943,0.618733021885259,0.67221740097016,0.875182705590667,0.824200090695703,0.87689288073607,1.07689673380329,0.435995940480148,0.845258512430315,0.936193080768494,0.620039813977326,1.00426300839035,1.50517849968696,0.72275737386172,1.89115297846449,1.01111533677765,0.894403558521333,1.39344169344373,0.604667941343668,0.872666895580736,0.785745123902843,0.992637108692053,0.751711276344561,0.825239510699423,0.818282246629041,0.802459863095202,0.630020571026359,0.777651421797226,0.819924422792814,0.746227787843979,0.582578368550136,0.949557177770722,0.777310885062704,0.87423510262416,0.744184711238409,0.824808348106453,0.766239727968599,0.685794438021244,0.724330004266439,0.754068813910509,0.337493743379639,1.10059723730541,0.841010621082342,0.975157521497156,0.420699847549102,0.717734458465723,0.79441742490321,0.872079599264077,0.845397080977117,0.792067411701186,0.553929888256303,0.818781836725978,0.718447464395379,1.01328950561068,1.11941474337016,0.558635114303724,0.81056823240726,0.731211850170498,0.894375376713569,0.593326553406467,0.996847173276211,0.882364039832344,0.558276262935303,1.04094789510177,0.813586021375635,0.919274547055347,0.659151857770899,0.894634165385342,1.01195569229463,0.639789398510543,0.898728063356788,0.741739584715054,0.707492198774988,0.732619746806141,1.01822123088756,0.981800706261118,0.910129158840019,0.742753339427251,0.707469970575348,0.659537417376095,0.732515834385656,1.00429475072607,0.814704024953136,0.773149303659217,1.06408470365204,0.582200791743152,0.791050282612223,0.376111327131792,0.64234193230967,0.655498421620262,0.272424056842235,0.604474393416834,0.571069720553743,0.560273905802844,0.824868890173756,0.72192052258243,0.883467883690267,0.908518119101722,0.973809372423256,1.29415724316054,0.728290330868051,0.706274845479597,0.759428778554328,1.16244131343732,0.80910699608456,0.934993902968867,0.991633144145468,1.16509720721786,0.610175162828879,0.865865107681447,1.35335110965406,0.796539182966736,0.744946200579912,1.16580298674388,0.731629500928011,0.73259859668766,1.38464511728885,0.698532984679299,0.825475369505533,0.603013963747651,1.20026847758938,0.856451515428803,0.913310922278002,0.802124187426505,0.464102235656098,0.665406024715443,0.965073177499102,0.961949763052077,0.70734161287646,0.630821877306558,1.35590253983053,0.641528144532709,0.871315500268705,0.612218481931785,0.713789808893249,0.589511053884105,0.694435826384594,0.897110581134696,0.60456709051378,0.691075608869908,0.73936019921725,1.0403203134659,0.893754132149613,0.816998653830466,0.816767075768874,0.617785326422738,1.02378156353333,0.375270043074422,0.867972485456391,0.719149123441434,0.871759893421969,0.714434033143225,0.680593264768374,0.981233154297034,0.93842342295713,0.528173592608321,0.31974055320138,0.716083325481752,0.69921598345096,0.792174432749127,0.9520686069071,0.78311695798752,0.924252350356716,0.957348191479561,1.29651970135916,0.798786460105056,0.859115881969206,0.665368137880463,0.924687924162535,0.655725316188063,0.863210276205792,1.0664825542407,1.09413521404098,0.758582608866577,0.638084650902511,0.581039478489455,0.740038911493377,0.825542578495914,0.848425399040862,0.77112879884422,1.31281823338569,2.13334216726603,0.858972400499821,0.492844801411105,0.822896652723007,0.611139646436262,1.37605556602651,0.628200443740823,0.91552542719651,2.09753742428654,0.927580590522251,0.932224970765457,0.858952671844971,1.10629762640145,0.636072015473877,0.566614541116002,0.69731984032454,0.800984920098123,1.23211635834805,0.795647226444353,0.458211426435422,0.669185362068301,1.0527234646926,0.879317565117117,0.850499287648368,0.55029871287633,0.792751210677288,0.941281340958872,0.596499263513311,0.583706036125594,0.59256923699463,0.711893123653584,1.48080151547109,1.17996140949854,2.0334729248947,1.35085386907444,0.944300758521974,0.426960545049712,0.756057166306858,0.940428415577784,0.632185475714369,0.753932296177855,0.799037320899565,0.717142885529331,0.673836599711614,2.18962998589153,0.836639497616214,0.893513065297461,0.843268038523034,0.599767004081562,0.618533780785531,0.71918880327001,0.66644099774651,1.74566061544711,0.701315364686972,0.641150295397287,0.823671799336972,0.936833809536618,1.93685890677812,0.733299036076104,0.895903234788138,1.30890061026605,1.25816304514591,1.04601591161051,0.741977877188907,1.00615910670122,0.876237510995358,0.767899028313518,0.999934554733291,0.48063532238971,0.676559839469786,0.655901876841984,0.674052674987345,0.496142987008621,0.931135050619833,1.07158353949391,0.732937794291772,1.0674905095881,0.784387115632457,0.748534066829087,1.28235441741026,0.610264458036428,1.42457572061928,0.609167525430549,1.04774996302121,0.768550508040218,1.01602251817323,0.380610890420649,1.34521252494497,0.753801398836399,0.675781940731892,0.857990636676842,0.650992172597371,0.991283393652726,0.788718531016858,0.916280280881266,0.949765965467046,0.789294537221055,0.645664574266372,1.00795991910043,0.790708818363309,0.330666219332806,0.985716954302563,0.632394019974339,0.784954402878554,0.582958473314934,0.787666195915056,0.80766072578519,0.81106836981367,0.662137836927677,0.46027425669274,0.932020476548958,1.02456006406998,0.734547379934065,1.19204998249519,0.962633316988504,0.75004923588166,0.811126983773684,0.269448682203427,0.95233556115354,0.942379323842609,1.32236670000356,1.25046969551335,2.03712185312063,0.580501096997188,0.658139667229073,0.758786172951624,0.643425611147921,0.899283044569382,1.21577329675408,0.855321458309563,0.734667747722291,0.786397366346801,0.903447898983485,0.949566972588603,1.10238696647514,0.698513246317659,1.01139818380313,0.639073930532395,0.783075680060833,0.950652696394948,1.27626250706905,0.818163146259297,0.788070308832229,1.03951695057062,0.909029151937956,0.865267504615154,0.590053365331002,0.762562225449245,0.729711694007927,0.735056604006962,0.633150135587033,0.358230692987763,0.945534849402207,0.647565594213213,0.787338950408013,1.14130915327977,0.804525533884706,0.625927066189645,0.766218862518556,0.561260888001466,0.894005948690407,0.973592884964514,0.734585869150279,0.994795758865327,0.87085925524643,1.15699157231799,1.01104100678953,0.611914697317269,0.693242150957416,2.1069081688911,1.27143502854048,0.818221951285237,1.18707902024815,0.664878045289733,0.532707591886289,1.30311119680464,0.856536855283,0.876612266520026,0.685694861707347,0.936052344073529,0.457263284347353,0.81294675551801,1.01114679241479,0.700436012961935,0.76289285938476,0.686087975216987,0.788879289576552,0.887262395009173,0.483086542960677,0.777655565908761,0.729159064917863,0.856998224458512,0.948693168064516,0.975510967306849,0.710005598997643,0.858755341582547,0.86206690907171,1.0605971466937,0.74319276300229,0.950717403642172,0.882200752353555,0.884812082389769,0.942836498428833,0.907989893316944,0.621999517208124,1.07538259435885,0.833492737889753,0.95091683209557
1.24932102093166,0.761748740179796,0.732656854592786,0.87614184292677,0.765119140748892,1.24224577928773,0.954115051971516,0.67510576040934,0.720706645874458,1.0195896659129,1.1225816275028,0.611471712134795,1.30898795991715,0.910936532331046,0.796826292364593,1.14673073802943,1.2233633797894,0.62171691889792,0.901045143978276,0.806829066593037,0.513215756571327,0.58998584544569,0.781846257071754,0.704512615292997,0.781610608318498,1.05007594963174,0.655444074673924,0.683426717242401,0.843740556492684,0.956476240261675,0.639254822053889,1.14835853494662,0.695861918854632,0.620564345416505,0.583077619488068,0.524844307577527,0.501235214481381,0.647693909432155,0.981647603386424,0.740302482574228,0.708564572648132,0.909637032489523,0.936185659194975,0.691512337043045,0.742923234050567,0.727913394945442,0.68219566107265,0.767841996569851,0.55138242704411,1.02990721712973,0.716049843472936,0.889929197589821,0.658647196531698,0.578351796859423,0.855130887778258,0.721906671801647,0.946422550105724,0.717778417370807,0.706612292572814,0.784994549633845,0.932736925242142,0.725930149193521,0.749453087672687,0.527711504141402,0.605286154841252,0.856946822874394,1.34857484232143,0.843896506976014,1.02755932812484,1.07873223304353,1.15148052362868,0.758238170753951,0.622359235725811,0.833298593699101,0.755380440094703,0.631588298083802,0.555042033371463,0.717283935810854,0.828527095354859,0.956989170517538,1.14924591315612,0.996793455311149,0.738963994570459,1.02068710678718,1.00549610111814,0.455908319557703,0.797991824633479,1.13611839901037,0.605637775098902,1.79883601268702,1.19111410491383,0.751487814124605,0.680045767950055,0.559095171659968,0.607198386621673,0.733334419329994,0.814530227824788,1.13970315025274,0.816270453207607,0.649577195497113,0.749699369630949,0.553879509969368,0.578346251453357,1.17353208540151,0.726323496401167,0.497566162572454,0.652060351788294,1.22254153121682,0.872924465914319,0.604982145505399,0.97762033514529,1.21873243517883,0.669540886616711,0.891767988937519,0.879140150265199,0.546898308945015,1.22732788123687,0.811834747464188,1.0998253871632,0.879758362085773,0.735964700390372,1.01832495290591,0.594173193376609,0.841027609414062,1.23735475668068,1.16784677100467,0.859029293172171,1.12578257758415,1.58085259645765,0.688469131872256,0.639477701681096,0.841373980130245,1.17554652340456,0.8014533379495,1.12662754316883,0.831971886938198,0.817095873254857,0.597694222571721,0.497344067693863,0.915664831954186,0.985871189933067,0.765123536490518,0.888084774924643,0.756468851330419,0.74395757350413,0.831574711597637,0.856448340335089,0.657202666913358,0.739418969080606,0.866465452457071,0.806641722597684,0.949839034294777,0.905732695526483,0.781367962552747,0.474781252023159,0.943164351802773,0.953597663767411,1.06563031963062,0.664899632457708,0.780670345519312,0.891853043030968,0.638757224740099,1.12677811756354,0.735344130469336,0.685234790973656,0.393493252123491,0.532528101358568,0.903005309176671,0.62989147732234,0.499462434051828,0.638487482931717,0.828519570006399,1.09083627342283,0.694777548044882,0.675772063877241,0.755774986892731,0.998499076111587,0.704802912474511,0.733923931739037,0.607980622057796,0.95008597206908,0.715027352077212,0.923308725541093,0.523628488836684,1.40406981962348,0.538299999476471,0.635409592284594,0.663589436953478,0.949728511356426,0.81902575090727,1.19749218033884,1.08775800650413,0.601467866431921,0.825278812704696,0.826373978024382,1.079414085294,0.627234446564942,0.95600516752539,0.544605820146736,0.938690430928404,0.65827403641866,0.846071189501774,0.848438600166952,0.708593748154823,0.885913880697601,0.758873879638297,0.580504704154619,0.852893406959342,0.728595836652369,0.603585636536072,0.536527539024902,0.629805865381793,0.828322115624878,0.504044234652166,0.692199772189808,0.833830288791995,0.682698605015179,0.798730546421488,1.01254655691777,1.00579915485824,1.18325264549081,0.668937371010923,0.569509449414608,0.713273306323297,0.815752491687491,0.861568828443933,0.718378083622335,1.07833529083824,0.832912181491818,0.72849514462335,0.587171868929499,0.523311172734678,0.781877860416986,0.646603823585473,0.640061259262159,0.962528035001501,1.15129251945034,0.827715165548605,1.44273923849482,0.691053876930814,0.679455008492672,0.67585254806643,0.609827259423921,1.22259369469532,0.65931837694455,0.762434820619034,1.04050894231745,1.08762202349351,1.09322052574255,0.630323169069724,0.57903864191304,0.922881161450307,0.709607625112077,0.691834048172846,0.825004530092885,1.12138141505259,1.96418007149894,0.521286234373654,1.46874351295353,0.880787717443592,0.551099268404372,0.971639477850324,0.539816868439422,0.710283072152228,1.02699047898019,1.35811705848969,0.987669735260487,0.823499981361416,0.686205035637207,0.55977541013715,0.503624236601972,1.26883324077739,0.717806583559771,0.709986067906869,0.657633776550771,0.902341118274836,0.774726583192509,0.994279791136085,0.819308197938589,0.942923777561229,0.634086009459611,0.693731305983354,0.706600890519579,0.476616243263479,1.10108530563561,0.567359869593349,0.600542689088429,0.60393157964905,0.844945370455984,0.780695350770478,0.873630211764173,0.85853067297232,0.74840076407785,0.555727909479555,0.691407618529582,0.577470792998812,0.669419040416104,0.784219338396836,0.555757139763353,0.580135023809327,0.712522061406389,0.86016173565458,0.6622316188839,1.25325042520677,0.800794687936092,0.593531760068406,0.930224956678244,0.723609970136025,1.66763709687538,0.477342114066984,0.787027205540468,0.947679022983635,0.897141008059933,1.06577029292532,1.14415078631392,1.0308049711344,1.42701012823761,0.78926651795939,1.07174769775356,0.653298081942699,0.760403367071763,0.780047301101757,0.743285728607297,1.43202818424954,1.17138327749417,0.525162768293204,0.571470462290391,0.731109722768854,0.749172997034421,0.792086914437438,0.82882547478535,1.12256753075106,0.670828041445947,0.952280592873144,0.707964672274941,0.516075377549161,0.706016330036261,0.595288183897558,0.516089723358956,0.623456533574244,0.94119619712046,1.03739284439687,0.695236320484775,0.601573707667263,0.753286835249314,0.796723332189575,0.644999419775778,1.60099135181391,0.667165436213178,0.668653760640493,1.0794085545745,0.94827978217697,1.30226360377262,0.929484416427622,0.673197769417604,0.82171475768919,0.480238273201778,0.739303780834096,0.672733716339405,0.782532785877172,0.546809094066201,0.822632080710371,1.01296353381505,0.658855005034127,0.663682177274722,1.06185485934672,0.915103467595524,1.0167198791348,1.31557425932787,1.13334526081985,0.873203141380558,0.816126242864583,0.837448875482499,0.39902254831228,1.24376805563609,0.810555944054601,0.699467590305262,1.03661667225997,0.991898007823567,0.727620676036086,0.651202531299238,0.740761736958054,0.568343509937036,0.761518167044931,1.02943542394091,0.916333560068035,0.909610573855782,1.04872437592305,0.937377185591718,0.665337270777019,1.07760938449593,0.647972943131046,0.937912091976939,0.754454403396319,0.486290511250525,0.989998710903459,0.709135138785564,0.881129470990059,0.898070946514892,0.706394059981733,0.716131484600424,0.720258743836212,0.494628425812883,0.663671425907548,0.625189842709184,0.674656087285848,0.680030734412038,0.562028689010827,1.39049230614051,0.772158978898996,0.670973582426877,1.07816523280173,0.76925630538857,0.485414229209789,0.64150998125561,0.492054409854148,0.654594294196323,1.19119425882279,0.846895084717822,0.884881460408589,0.859268635521807,0.699382163852736,0.888544457468084,0.514254836947386,1.07816242387883,0.68867613493569,0.970247813266944,0.719583587315067,0.760904347262788,1.00856180128133,0.691885459486594,0.662974558947527,0.826244525392146,0.906243865421024,0.646606468423501,0.814111720387594,0.57563282574196,0.969853156596627,0.911188704696654,0.541279184282978,0.829664407027556,0.909650532754306,0.789916721163526,0.849665275997493,0.71847386428537,0.559652006253362,1.11297061340648,0.981237094136728,0.849547962170301,0.754696498396311,0.638369740892409,0.534358285617516,0.789321078711486,1.06713209917339,0.751662486107136,0.764980821418185,1.01801973807389,0.980599285940978,0.618622441256479,0.771842260213497,0.746665412907279,1.02612025264265,0.738693659080433,0.97200969901469
0.739786498280083,0.68973344322141,0.719828582176008,1.96065413812616,0.823218720078202,0.933374614778278,0.934248865957343,0.988841638512624,0.764044716914364,0.925094496423086,1.22725854741749,0.631112710310904,0.880150437970228,1.0871787465326,0.780567488669484,1.06240100512254,0.826158544020623,0.653579187744497,0.860824530364234,0.831571468151727,0.857916205422043,0.954217551835197,1.15712467441815,0.830021831002931,0.759772947192596,0.782031134190844,0.708143699593839,0.739946812854438,0.868582440297827,1.07434342562105,0.944505686719001,0.850771249283211,1.05482050462076,1.21902385250895,0.621488232110608,0.666618439720782,0.601688623358084,0.737014121998621,1.12933811062686,1.64695582699798,0.808458257074853,0.688452645389799,1.06348347962653,0.884195380866005,1.08390925958809,0.739517316604335,0.686505046467935,1.08008995826072,0.963099436932053,0.846377981089811,1.04452606352376,0.868735733115392,0.925063518687358,0.676139573209763,0.818982323614863,1.00537343563041,1.00840353596158,0.678906623641015,0.895020418330721,0.652977201925073,0.849519359152208,0.660630049362318,0.670831742782099,0.876673260457412,0.906154527379812,0.81129257549903,1.41585961146889,0.882382056417525,1.02390263373701,1.01129833820019,1.40773054118874,0.878430344780053,0.636712025180575,0.708984140837267,1.10014246003171,1.01336396910201,0.670656454516269,0.809279960851251,0.884453988206015,0.769365369943097,0.918196772943944,0.95225138929962,0.64082309380035,0.788334620923188,0.995598890992927,0.773402968286823,1.00007682102583,1.54282459928627,0.814167211350163,1.63596312006159,1.01658214145166,0.950976700291191,1.21982236425873,0.649910346554382,0.853119003967185,0.661951300016622,0.892714813919554,0.830197639888323,0.74656860230282,0.791150479411535,0.833778253879655,0.592216115911538,0.668829462286493,0.815691697345611,0.772705004964704,0.640022356995293,0.904294652384426,0.911721917620533,0.878686185440558,0.713876828381346,0.830587060030606,0.946310444833673,0.692894294382478,0.726221355767806,0.896979678318265,0.552960982923159,1.17660384391377,0.779208660362885,0.985341496623918,0.605592557432449,0.781237790479461,0.837863372976693,0.791349632365612,0.771340446962829,0.966857578673857,0.760668437474021,0.862489662039076,0.841403292749636,1.44245233057763,1.06923331062466,0.630741865213198,0.78787657062466,0.957513352185375,0.790128927127089,0.750052803523298,0.976862469426277,0.782207813861236,0.682348191125008,0.964614088210405,0.848384854866619,0.817674335001284,0.695997009250383,0.901468449966607,0.842857722191112,0.702949786084075,0.82949773796064,0.707034863860771,0.653418461855783,0.66464046610499,0.93258889389892,0.959481734887328,0.87903149852997,0.743383558627507,0.82749121676054,0.599975566352106,0.821536952872217,1.00280545630659,0.803192834456533,0.752140553542164,1.01270596600285,0.723882663065697,0.834430010354531,0.614364130723355,0.704249274787805,0.642578685870419,0.548447688518299,0.659609453230616,0.928414773291489,0.643334120962521,0.832240166746544,0.669860778217426,0.835853056827534,0.887992398366035,0.93514584113433,1.29362210694455,0.674534604246726,0.814476002024377,0.843427923317977,1.02840541820933,0.850379039753982,0.92077608219472,0.931626055052245,1.2041080584483,0.667959199358747,1.03985215953846,1.28063734934312,0.764837954066617,0.76523573693568,1.03991432513953,0.802516359945867,0.859668985766698,1.32736025764352,0.717712853577927,0.945025079023788,0.73163422655993,1.05901646917021,0.878804108253122,0.947506582893715,1.1190694319182,0.630702564091858,0.523838691653389,0.871604727308678,1.05638355372409,0.738467243082075,0.702316922298723,1.3417841057085,0.672602813874932,0.909031914583995,0.754131874560057,0.596264676104582,0.608152612059206,0.756863874352418,0.861105363074167,0.606290833798801,0.727050684415411,0.988607651642949,0.982081636265328,0.797448352374579,0.904722771810416,0.839067440823653,0.736433248873274,0.940226453391777,0.612960361835439,0.846595874561433,0.843098800831738,0.843643655354758,0.691710318508553,0.890489985832531,1.12814611846118,0.844357734050687,0.660095873141115,0.555031072504535,0.650114007808338,0.706500404070416,0.723764900971082,0.894146386827439,0.78548081709521,0.925532246363516,1.02091039461156,1.35425490732986,0.730907208752792,0.812247318719141,0.721135287603703,1.14593116372039,0.814515221487883,0.833549242112908,0.95747968369063,1.15194335862786,0.876989840778331,0.714132440141286,0.697865265086984,0.829800563322131,0.751010777571121,0.804470813584908,0.741850359421738,1.43094401746731,1.75005639741311,0.970317822976058,0.646940390609183,0.806818801361868,0.730723070156318,1.13344088490552,0.606673159998061,0.756426286731173,1.76857793732948,1.13206823512897,0.863638437301071,0.855827544757496,0.925591397245279,0.720573126395534,0.650866588373392,0.742366898186678,0.987834911197523,1.04514401797491,0.789239761428313,0.770469450368422,0.776412363341305,1.01219137640942,0.806767004576718,0.880445194343888,0.728152469278169,0.760480017033206,1.08312862572957,0.58553040877816,0.728171742484914,0.76634091563988,0.68776735608732,1.37442340295206,1.16445783079787,1.80895608618336,1.34490954151024,0.982339503023395,0.746623196941594,0.695607568427064,0.888780413402812,0.725811083138893,0.876343190522623,0.830940719809158,0.813499896975744,0.652150853910136,1.96587791852443,0.786150045387106,0.85261585263457,0.993531105845713,0.678509632007912,0.54611625454665,0.763590307883448,0.87384198051688,1.61182694600872,0.69566240397949,0.686993693609831,0.962114279425122,0.874460173652935,1.57452342755604,0.755808136249106,0.983233323721405,1.30026019611488,1.06033036547664,1.02568305745917,0.765767409896255,0.94985103957642,0.78816368231626,0.771130974911136,1.22418884519787,0.644827388925344,0.725529985468244,0.754975737232953,0.67390957868788,0.720401128961516,0.912791202388281,1.04851029573767,0.988973047783231,0.932421010115649,0.750469037850224,0.770894749187954,1.19435745750046,0.651381479271874,1.39063196046518,0.658743068699161,1.05468276395443,0.824890427067668,0.996340779114543,0.713761750514453,1.31710464917242,0.756591411266156,0.762191200523869,0.951302508265961,0.998980389227968,0.896008391905834,0.79462550952115,0.940402875287017,0.907529167971768,0.944595540624897,0.799263620738581,0.935796829694334,0.806186021215496,0.542446020579751,0.906519372078951,0.727352265630545,0.79387756072976,0.712969174722223,0.706022107157101,0.86368839665241,0.878018116271405,0.75861280699229,0.727606258957829,0.923054437302613,0.894420148567425,0.782319999360511,1.19421422329511,0.940549618401259,0.781264470763509,0.792129688521209,0.513512844198205,0.90465269700567,1.05972501294242,1.19678507552031,1.11824998366633,1.74151634702351,0.678939445629949,0.74753480520011,0.723999258407295,0.655426782245188,0.885995166138453,1.19621571291929,0.804819644566468,0.697157237315041,0.864485017782047,1.16202940071417,0.900513946507226,0.970965578849738,0.654067191519215,0.900363731700212,0.626771486357051,0.856401895732619,0.846788003996075,1.42486761076334,0.733615078335322,0.822672786936873,1.18448704300537,0.914711850398512,0.75847205632192,0.639708764024239,0.789970671343354,0.662729823352735,0.757606828866152,0.629196643505438,0.642562049003353,1.06527143896866,0.736802817318802,0.697798129104705,1.01070144678578,0.643232840698916,0.771924441541154,0.783075310808318,0.619760285420165,0.940091266369774,0.915860387903951,0.754910614532195,1.00520452956487,0.83804167175318,0.909908612531468,1.03234604649794,0.705697067290441,0.81834188738237,2.00195714416385,1.24022151456255,0.801029538842778,1.08895907087499,0.757304090992764,0.737602213465807,1.16838446037104,0.881345621340212,0.753211210479584,0.622443798409287,0.885966452224907,0.653658142159106,0.725787667580876,0.913846079030392,0.948244099665135,0.830243216470739,0.740462954092097,0.747452865070898,0.946749699298452,0.668118472038584,0.770293270775498,0.80626059651693,1.10879823767069,0.835892466726199,0.845452316811468,0.672170033569132,0.867388970500087,0.809049927140341,1.07634348095283,0.66848924908213,0.881394701507674,0.872886650321788,0.77293230507359,1.01373433214689,0.728686465308157,0.715109571970914,1.08541533017207,0.968738000299735,0.992430295921992
0.7789243135988,0.528474178585253,0.609766698746387,0.407943308038564,0.761980969673524,0.941202835377931,0.655638626792779,0.623950744082267,0.7091256416222,0.801349072476209,0.878246045992588,0.53501089027516,0.802410174624384,0.859906878613518,0.708233348415122,1.10384279535144,0.76274436921028,0.605011425865578,0.717587762277967,0.676379157876718,0.492484767286919,0.48682169380508,0.469066815881299,0.743658728343615,0.495950386729762,0.700404447482992,0.501130970952304,0.669561707280309,0.746187114495804,0.603828443292391,0.627592577508847,0.87726043694924,0.609880882571027,1.17427089422374,0.528439551307804,0.48557626207251,0.461793510069194,0.653050257692281,0.992083870113748,0.61096312989791,0.626370605471555,0.683391547640226,1.0119582105643,0.658316892678898,0.604653671473678,0.61386457924797,0.669355863619369,0.633781765009598,0.400452295377368,0.414126643498764,0.764347559327395,0.623802274628522,0.652873603314739,0.553164639539438,0.795345978678885,0.466011727355231,0.547700593864973,0.426483714998136,0.690153205211914,0.418228983132707,0.909052957224416,0.568737970887964,0.79026146346098,0.396482409257432,0.65341709596658,0.782207136544698,1.38754991017679,0.819668172570025,0.948185743857826,0.92033416166844,0.640843120903165,0.8282206005621,0.552967807275796,0.629907745805529,0.725031633366768,0.459520333024423,0.564933884484451,0.541231250452111,0.764273947173424,0.708644110159071,0.862792714073153,0.954505674178242,0.486078761216389,0.676053015752017,0.834198344223337,0.314385304230273,0.733802638117636,1.10942418045873,0.531200846857243,1.23686393196395,0.671120003288545,0.557059494677042,0.606717080473498,0.383941261207418,0.512967817777397,0.680086984552453,0.787852791008373,0.849255536311445,0.731202416187993,0.628056747276604,0.691894679745367,0.527522521822939,0.609469466337359,0.821072157233776,0.656457279211646,0.429554968603207,0.712114602591795,0.957771080922103,0.707140270699877,0.626434358068366,0.847077230488879,0.944644951293904,0.55537005591298,0.8161272370644,0.708354930047276,0.272174881962452,1.0401574458564,0.802589124548049,1.14413104851157,0.454087949852118,0.538229000212515,0.773703245392,0.617630336507275,0.779659233876815,0.876018316917099,0.827396361189546,0.763402759595771,1.07355017942597,0.685578666122449,0.567953330319348,0.49751589019361,0.827646177493481,0.776758664128506,0.769074210908217,0.543146484487196,0.650267959260935,0.802528558954731,0.39603833489434,0.575884046164244,0.616860875631285,0.825566354093369,0.627070292635448,0.761510024782848,0.820319201819395,0.50082691196418,0.724267259656947,0.757235778015889,0.593144030580038,0.645466741548995,0.787128055801289,0.570786730110863,0.849135466990848,0.757134251426489,0.47626415746565,0.463874496175156,0.770707829547029,0.868273269273728,0.70733908063818,0.679644431534558,0.52625466135487,0.510888883827656,0.714039474575379,0.381882775541104,0.58901758738687,0.657775128915396,0.166230042757944,0.499141159354503,0.474177919364437,0.381063061573006,0.552725609048783,0.597546176982814,0.832675269388726,0.881074876368145,0.539580849916102,0.545896914469814,0.659170763320872,0.692873912872816,0.540989933813934,0.784430262643792,0.584658530885777,0.882651582415523,0.967601265701234,1.19319280996695,0.425655999737785,0.812990853566105,1.27358572139104,0.477690306684814,0.526488925289886,0.961539617753419,0.647681805016209,0.623936033731578,1.05132263267875,0.623240383899357,0.660585857932043,0.411900341346046,0.999059929248624,0.663468065496079,0.729727665267774,0.327628657335336,0.535196126837366,0.583164194015468,0.772313168081644,0.841496185896504,0.529108821607816,0.687236940434338,1.13842308646173,0.43403696977147,0.834307274090948,0.400827719724383,0.593925071663258,0.467991430308673,0.591192620410149,0.698882626284438,0.436056235975019,0.687279906647148,0.61029496250201,0.81167776933993,0.810501396768676,0.862486020957462,0.714849182529296,0.721215861151373,0.658029230248273,0.28327826114914,0.689130653745982,0.570269915652551,0.769425673287557,0.616247279168726,0.681432064204305,0.750193338996551,0.753073257298991,0.497343669075482,0.243397491491167,0.643012034359945,0.643643108551331,0.643574010200685,0.881902146437926,0.853051664198423,0.764784296381688,1.02616401823519,0.441156670342615,0.698427617609162,0.643814409623831,0.547558849299657,1.11599515159064,0.530655520273967,0.737860320804005,1.01493151195592,0.844923003821209,0.710268463734859,0.571462809277868,0.435861879766815,0.567520035295719,0.703684716946567,0.748974221373138,0.775321896291917,1.17395657988287,1.37879184741944,0.511634356814596,0.777075456270802,0.719805618395931,0.37441062941539,1.02598081984731,0.554809891238628,0.731468071730822,0.436725773016362,0.775735505832913,0.840493714878171,0.548916409981285,0.666469908257287,0.328985585968415,0.502167479385528,0.784022172121041,0.495323604686111,0.585288994015465,0.555728924656008,0.363015569343951,0.361093424906541,0.763143669392422,0.716268267290889,0.749832793532996,0.533164100326665,0.701726429796664,0.589412116581679,0.459516345697246,0.530596089397098,0.447702930601553,0.625204724239181,0.560351138649324,1.01789753472071,0.311678554230788,1.187503473244,0.842775127345674,0.329732599826139,0.552807749451026,0.514670231399371,0.550989264746294,0.46074111233936,0.745359954301644,0.473560921848834,0.569540013594082,0.281984240035182,0.592575553633126,0.699923797606174,0.796898655467701,0.572384117997064,0.591035856145362,0.640779893478655,0.278248737638493,1.27201665072893,0.526328241036851,0.596984693277595,0.592109811366159,0.867445053746348,0.529834651753443,0.539589157134539,0.675036500977792,0.911219536767291,0.60782240452574,0.562457691880887,0.627132890548143,0.801753007022487,0.872991376367422,0.640570017773083,0.506540093287456,0.660497135738353,0.533672046738238,0.320940644792921,0.558705505461177,0.485197304334641,0.721642247389641,0.721338293198706,0.871991197581561,0.713495061321053,0.763498723426817,0.67426327540731,0.494028490747689,0.600598173148447,0.550968159720476,0.486219208784102,0.454965283874367,0.697845833364207,0.955524408282549,0.320710234401905,1.37245091505225,0.568492980894536,0.587733031792559,0.644073136630105,0.655540958739008,0.700370049409742,0.662936544337443,0.843720322158654,0.836037764884385,0.91890133925824,0.679405331522529,0.688746228774448,0.752192474196228,0.181751276126711,0.776476060454562,0.580864139060929,0.703197162491028,0.348761874821512,0.736697577071068,0.925908763639104,0.537231672175996,0.597024396061307,0.579559639212461,0.836137409730275,0.890224888864105,0.939024180374325,1.40695165731009,0.720458770492938,0.443310515738895,0.738369677466971,0.154795986072524,0.812414075081255,0.65425089198182,0.717465931980629,1.026409790562,0.471203370520019,0.543649967760109,0.622109639737274,0.712086717595496,0.497709889556991,0.734923057040638,1.14449439822628,0.791578473940299,0.770026803237064,0.70155725646125,1.05269534139209,0.68002118180665,0.693598432302018,0.508650767485723,0.866082871322822,0.571950005890618,0.449391395376528,0.851970179457892,0.721045281896324,0.768149235975648,0.575506127775043,0.649249707221178,0.687478740742713,0.687203326654669,0.462741896085818,0.604684615283122,0.551323948955308,0.696175154022438,0.614160354062122,0.30172777431072,0.784930944297221,0.581986719919158,0.65118011608615,1.02862608155105,0.633008475564328,0.354894176301829,0.657587671327663,0.419027792770899,0.657322622144443,0.617872122225546,0.636005463485975,0.563998784239452,0.768455573802284,0.697834536216739,1.00628906686172,0.427888499743682,0.917955376526835,0.355058724916631,1.16100542892617,0.713863354890197,0.615048678840353,0.621074294770493,0.505982412641968,0.804355414830482,0.78031256131823,0.773756941177492,0.555343890637851,0.769908693105297,0.336849341090686,0.798284029885059,0.864025979826436,0.301628633289905,0.712785810377251,0.609602148419469,0.678909195344449,0.465081151282105,0.418626740202956,0.619751816623284,0.515908823563597,0.614546665918848,0.826168976812788,0.695461905148393,0.552037559150934,0.437957334215721,0.775855052636521,1.02958006888764,0.672166909195224,0.61085209568717,0.834936810863116,0.724180076343494,0.524767564507227,0.812828880708777,0.530836459406924,1.09959391703488,0.476331093623634,0.594405433747617
0.94623094766083,0.920792702509004,0.694658355509785,1.81405529954778,0.76410551614008,1.06328753169135,0.949511912477781,1.00053315248817,0.810070967800709,1.07489727215353,1.33860758249811,0.912009613314503,1.16608518609172,0.919722407771708,0.875608592672119,1.03802214217787,1.06046535110071,0.908608999342116,1.01156515570464,0.844384693738326,0.99670832982041,1.11761491534388,0.99208222918582,0.465344353763749,0.897674516015622,1.10448173152377,1.00683327523393,0.514810075848633,0.833024489176431,0.921832984334883,0.961461833906841,0.807275208148315,0.989169985802234,1.26357981496419,0.915695786173193,0.960766857744029,0.67628621017428,0.616000357589378,1.09166681735259,1.22292143288987,0.939597222551645,0.775457536851359,0.945945820250728,0.663005196969647,1.10509658404986,0.801499317646774,0.382720766689124,0.94797564268071,1.15609949508187,1.31195674842151,0.661989185978817,1.04125921003015,0.956909537540363,0.671415650747687,0.670288375278366,1.01407571073063,0.839646164280775,1.28759633204504,0.816619728173837,0.924423628630225,0.919356234077866,0.774893460332225,0.940758475143569,1.15158024246358,0.920127043171244,0.700356060943119,1.39032203885731,0.559157454163385,1.11156098840582,1.02412574596546,0.989124289069351,0.542557148415156,0.568673752765804,0.951913241490605,0.915528921139107,1.06097445452863,0.686721742102665,0.982216593128325,0.69272197137171,0.859576763738918,1.10455126859295,1.05818944091336,0.962911958124923,0.858167631032087,1.16162703907592,1.00366669982185,0.712838334203525,1.47734327704145,0.862757527325392,1.11628789637972,1.13566504462713,1.12428593721192,1.11115847828982,0.79228661927655,0.923509835225079,0.872962713080234,0.654834223925869,0.794688152358739,0.852977144322698,0.736185781014188,0.60105567667201,0.690412264856929,0.816415529550991,0.877544128660622,0.747841520204448,0.767175175152052,0.74553548833399,1.2476776660596,1.02136027777581,0.715892203683451,0.906880931561093,1.12138130968161,0.865877026021679,0.823123550252128,1.09263813576175,1.04213114942559,0.920078181709006,0.823959092689071,1.29575690146629,0.918574926329479,0.925439041727211,0.980806208881036,0.577582578680183,0.911185408531022,0.892366556199744,1.20682389900506,0.832280464651819,1.2790955714702,1.0390500611456,1.12060779990361,0.809554810249383,0.786240544850608,0.915606262275591,0.798306470575297,1.08878437633691,1.04387980580118,0.743148567644954,0.943546784840624,0.982462272247684,0.856504270822376,0.425826942393134,0.89327301159093,0.821628084816065,0.73351062298679,0.748033139192565,0.925689274595386,0.801708597314562,0.673508419799912,0.754857887231766,1.09699811504249,0.959791239877433,0.845627933256593,0.817256881110238,0.902432775301625,0.674297406981853,1.24112591601985,0.587246625908022,1.03782303643277,0.661345397589164,0.951431074876152,0.921135098400575,0.657593368147702,0.826792541807371,0.793442797323922,0.550054100882484,0.990085290671006,0.640141546086241,0.98650627894785,0.691198959146954,0.810096660010463,0.809439713338422,0.787201241629668,1.05719189388501,0.839929246318636,1.3408949512253,0.876065371639924,0.97463908172423,1.04764156747202,1.09021210963453,0.919833435879033,0.911552773568724,0.995617597333095,1.22260655496692,0.919295353948318,0.966324265487374,1.30104630963909,0.829081561598701,0.84160599068406,1.03062285412341,1.07157611753434,0.91572380767917,1.06709058857883,0.589632749697611,0.930928510806532,0.656826186795604,1.05880179262756,0.684207081158141,0.828041277261397,1.53975415650199,0.954118339004745,0.798091593847615,0.606477295144319,0.990933530330372,0.937983340304425,1.09366558545839,1.26444281489158,0.789598201601634,0.917417186657453,0.975081232258165,0.740070136013886,0.709268550871714,1.38854996058452,0.625907322749952,0.793720671461533,0.697297406966106,1.30017499947647,0.465726446811528,0.680097212338975,1.00833607599141,1.07897386903715,1.05612818386027,0.629243745361039,1.06950657253436,0.59920136311294,0.923035622674533,0.674975953208684,0.724672629508507,1.17916346744706,0.950255351762064,0.621747037954581,1.2337945171121,0.811864686884939,0.558013930824753,0.64366129357184,0.663715073724735,0.608148959956756,0.863792806970129,0.824041566443852,0.990414110257849,0.988143677021921,0.49715332186707,0.916545772016826,0.713215329016509,1.04203295263504,1.09487091743495,0.691066573690337,0.654110002786505,1.20016657663288,0.836723574958262,0.832726468876122,0.870010005534039,0.860306851128093,0.598206630621523,0.817068876093364,0.631120546756405,1.36828427201988,1.24033529541615,0.924581247326003,0.922454641972891,0.847207785116137,0.919666589947966,0.849599800124531,0.592005660997003,0.435065581782425,1.8313488176685,0.912397830750304,0.984108258011823,0.833748964651471,0.725677073329447,1.36455790713525,0.767453178912614,1.0417539223265,1.00507336063187,0.888836674071837,0.784825280490288,1.25763168142366,0.839880211765196,0.883592727666555,0.81120460479338,0.781595872314204,0.992728507067806,0.634898020040081,1.07535652184423,0.72651880380339,0.826335983042419,0.901337485713208,0.743425408832771,1.34913481836865,1.10770804849109,1.79550697421131,1.15037435445328,0.9481325924478,0.82037537040269,0.72803828420843,0.917792252268797,0.90498123994977,0.942804695140406,1.05711361657144,0.868657607441365,0.747595788237245,1.67155870391135,1.04733117131023,0.756022134003132,1.05671824040675,0.917528338100683,0.788541287378511,0.744721646539409,0.936584038825455,1.5564334430316,0.693925910867707,1.01243444920457,0.890990458682789,0.378956335562355,1.6553595147857,1.20711682550829,0.994079493059437,1.29435858466395,1.09263480377221,0.966931000828899,0.652195843994816,0.822978011647312,0.68875918206301,0.880243863097761,1.36596380413841,0.995765519274112,0.775609956097038,0.880762872138511,0.824117170947314,1.1727025607637,0.835249529926836,1.01338114628804,0.998972802368439,0.837549529844358,0.917781503133366,0.840234300346728,1.27409299137732,0.904735252353055,1.10657890268858,0.857888505813065,1.20829868320887,0.961906268520768,0.893394861176313,1.21069376710672,1.36718624355348,1.00592583791412,0.92814117302183,0.922174747639846,0.918077276582154,0.867603561596832,0.702806225533989,0.977096695663653,0.632464410577524,1.2629922687879,0.970632590417779,0.699293378312329,0.854088943491334,0.88030923059109,0.818052950045899,0.917856523350095,0.573150989089695,1.06862385156247,0.653189985428694,0.871737788529855,1.08039374947647,0.882899423764168,1.21655149083962,0.643006932721562,0.706493870910476,1.00085585819738,1.23031433211849,0.81422320184086,0.931516905164211,0.806722390573235,0.86846806857454,0.951788688478963,0.99922133761398,1.20640057580651,0.813308910532166,1.81158123171529,0.893284226637559,0.85979798718624,0.863179191603755,0.699881123485896,0.775034237930988,1.0807625901024,0.95636333967001,0.799626308557713,0.90778465971701,1.15315739744321,0.68043948569415,0.844786945217746,0.865607390504339,0.611684737417945,0.835172657021899,0.957195668094307,0.651195433598406,1.51745341747186,0.783081991886282,0.890465926139712,1.04985045181932,0.893589154254786,0.584450310478728,0.806043776139365,0.901956117048884,0.759593948214906,0.695218110269798,0.821572499654813,1.20267242051278,1.06944669114716,0.817288663507643,0.756249388256671,1.21278151858519,0.783995783921798,1.14628034990269,0.596818777874386,0.833232887672177,0.760898124974595,0.876932782809196,0.863537315343869,0.985333702667608,0.90978407108824,0.948215285434953,1.23961833897126,0.907889149427063,1.15176966217855,1.67440449969825,1.30451663714969,1.01474139237057,1.00243356221025,0.844128548131028,1.10046172005081,1.07839957437176,0.594870672125514,0.930051813476066,0.761214668412942,0.843797502872556,0.93564504592762,0.8941872794914,0.588758353249239,1.5524700685224,1.02810879992117,0.877840929994874,0.716967588735914,0.920949421785564,1.19333694184979,0.849724798006703,0.680908963628781,1.00591677487977,0.708300795957726,0.898618110892828,0.851759853989222,1.12333666246864,0.945439819997495,1.0522155877832,0.807072240357968,0.986868829320085,1.05616513879724,0.906303304964208,0.994360635873725,0.670748868210601,0.867262127595215,1.09662900469187,1.07564412065417,1.03420795834842
1.1644798122692,0.738754666354675,0.684993441150051,1.74194539382906,0.672870501866135,1.22590161749616,0.922656720321671,0.850040072548306,0.691425736857945,0.975955868125511,1.45746110573564,0.535488386947982,1.3414485268541,0.88363657513135,0.76784170423002,1.10337649226831,1.11584351533363,0.633813708439913,0.808109278416201,0.72331943880839,0.647572930809427,0.822620124171805,1.06818201094944,0.747655134297067,0.965135109832021,0.948511728085012,0.642373402486197,0.664052430724282,0.837176287206652,1.04040793571578,0.923378510486532,0.829052688532569,0.960912119206806,0.864569316491787,0.672939323333932,0.633763629668162,0.565182978347341,0.683920553255456,1.17353653869206,1.28681719868762,0.664326023909113,0.795809734108185,0.973619124002356,0.700925712767489,0.81113650147099,0.678947767099313,0.722144817812714,1.03701293584369,0.786030284940363,1.03822335152004,0.746130679190267,1.02166566639154,0.712737292482402,0.639316398913295,0.792124312619491,0.759125852838376,1.27294018152182,0.900972785214852,0.742211719767325,0.808191674577964,0.934925693357009,0.608232556810187,0.844956521844227,0.7529406554275,0.887126472609054,0.740062701085291,1.65517102611857,0.793021494571201,1.04595950258944,1.11421702322242,1.27573773483816,0.864099468928409,0.695072474133661,0.796483227406012,1.10220754844421,0.932577004349443,0.651271370040354,0.920868004682806,0.69234188366082,0.801471115961662,0.973687991260492,0.953777441884585,0.744056435643648,0.990174821544483,1.08111688794357,0.609247100625731,0.955585343880144,1.37599466808031,0.791020298704368,1.61394099509404,1.13818959848083,0.89944222103031,1.08913104089431,0.747911148367098,0.755539338207509,0.877973868580408,0.730175880731208,1.25985916424323,0.811234085115884,0.682348588138279,0.663519669471241,0.616946931519311,0.622035434871563,0.959555308683403,0.606858012897778,0.706001248960859,0.707943645215166,1.01752682625231,0.829794351635823,0.567305549580967,0.972926314932749,1.28528087211098,0.580686073847433,0.871790211070276,1.02130120856232,0.949304458660679,1.22027574327823,0.759710984953682,1.23428800486257,1.13705315591456,0.851145713454028,0.932111426241196,0.673323467958523,0.922863283776139,1.29183460241975,1.29155708423031,0.849634811531141,1.38223647851833,1.52340694993006,0.888768672206103,0.632027810571709,0.900925329927674,1.15429928996485,0.834320805935657,1.22437144495601,1.04007915406861,0.875575731743226,0.894846259701473,0.716295753822393,0.83734171629927,0.841495152180334,0.708395239978073,0.933546468698275,0.890963297215028,0.94780485373702,0.821849737221227,0.736016161595352,0.668330770600595,0.755785054136269,1.02388940452419,0.934728199474337,0.962080537343817,0.909599464635184,0.950162125376627,0.564275069535194,0.80159122261293,0.750642432481989,1.15501496036231,0.646740155078769,1.07311008202126,0.90915808109441,0.629022228180718,1.06655105731525,0.764001767706591,0.666238435428568,0.726233876706642,0.667984711195775,1.0706698928673,0.760325141469989,0.691917764313516,0.739643390217173,0.930525405189341,1.10961452077619,0.909212674101603,1.36734955459103,0.85970651063222,0.829947172152313,1.01588612738146,0.971558652178302,0.807007023116813,0.959349404397772,0.861805264589274,1.28297702376815,0.714766762197335,1.22245323040031,0.816030754631278,0.813869986355873,0.838874793754384,1.04996364288511,0.760408900870163,1.06060907981434,0.867815064672611,0.681620211925032,0.798672479769163,1.10445419896459,1.19159223944532,0.66239181068457,1.17452614470497,1.62176197864935,0.819412988596082,0.64803352267104,0.825826290511227,1.0584907964516,0.769123280115486,0.778382948982626,0.979358108234097,0.687728998731331,0.962629615031597,0.810446317416413,0.721658083251348,0.626692002174411,0.626023286644031,0.874811627279738,0.788399921385827,0.748257116657661,0.983875050004975,0.875519512142521,0.750509164295784,0.884424198217174,0.870026970758079,0.953379089575719,0.816137979884383,0.934062745300006,0.647812848913191,0.855329580812951,0.743858766601718,0.753742162614597,0.970504390262689,0.963819631522665,0.662994441802474,0.710302216331124,0.878892054678067,0.744595038869678,0.702481376234448,0.782014546496135,0.923340925117098,0.866251509010686,0.981499732402969,1.46432678131708,1.44233898467611,0.70050193673455,0.764929426185508,0.659090466654256,1.26360392270955,0.837366022402704,0.82349378973127,1.01364946387436,1.034376784252,1.16929432984698,0.843996767975073,0.750084606555153,0.951058562532729,0.604552678939023,0.682357019090447,0.748781412011558,1.0939907502931,1.7302677120524,0.752040104261832,1.44699484852851,0.648319558289193,0.646886643522894,0.976204590709401,0.597891387500176,0.743302393508732,1.78647434659405,1.14856125907456,1.01625392320248,1.04164225861554,0.73275140618179,0.803697920813569,0.578746138644868,0.89376966002979,0.883330212814859,1.01940148601857,0.779198982953525,1.00388948872984,1.16091325745454,0.934171548272729,0.719066349364298,0.938819588469632,0.879006992829412,0.730951616479863,1.1890042492726,0.57067658702538,1.04133104844499,0.695004480396017,0.634201010737613,1.4521809770029,0.91361179697551,1.77356976731547,0.987683870633309,0.907078630171332,1.25490776912792,0.651499321012175,1.01568671239998,0.693929365047855,0.774110959510233,0.851931971443446,0.888132242796183,0.680212181136371,1.70908558047789,0.901814430497765,0.72900860822177,1.29086890708089,0.778996287180218,0.688574782413514,1.18405914198443,1.08515089370377,1.54516051567561,0.582424189851843,0.727005092928808,0.887975142002983,0.777061181919025,1.40080352883957,1.19013293570911,1.19584003390883,1.3720003571607,0.996143755692719,1.01040220594398,0.686442372060176,0.71738599279112,0.839877368848597,0.786625156391703,1.68464185405756,1.20069196240594,0.640371503821532,0.750177686044394,0.700973837688712,0.844951132214869,0.862398222826292,0.958913549662486,1.26967843632571,0.692179393491648,0.927136511521787,0.714060087744357,0.79921838820332,0.754202232145046,1.0634951664315,0.544990265581694,1.04462669997396,0.877679058230823,1.08564120338226,0.910801596268915,0.81797703662827,0.806743001255948,0.84257813780745,0.866064920340321,1.52774786364701,0.744008964606224,0.720565190568041,0.96214570413639,1.00809854887931,1.41061955140553,0.936790516620609,0.679155746273296,0.838782967879261,0.809296385894404,0.875387537199874,0.737729978740928,0.761492031273165,0.583852549785294,0.847034573343151,0.826846880261309,0.721962417680672,0.708494682163126,1.00333718736424,0.901886445789908,0.784535798358252,1.25326647402846,1.64586833553976,0.893136339778985,1.10336738619969,0.793428763242004,0.682170418041285,1.20077583557167,0.941963697190743,1.10085019341191,0.883907986088341,1.75872130395537,0.726041734957402,0.632460293751494,0.720074060983211,0.675258366566132,0.665579514916362,1.17530752058599,0.891117222491434,0.701793862258999,1.08058722235993,1.00279713887442,0.73246849985293,1.04760340574209,0.730344894160678,0.939065518729478,0.791277906253763,0.70792572739833,0.879358743916967,0.932263131911057,0.869241858447876,0.813663012853252,0.819442862562911,0.682443494611139,0.709692335096611,0.669940443117763,0.735389982222972,0.796633866615359,0.70221442110881,0.63869037536117,0.973140758968862,1.41370552131019,0.760764287565632,0.672409081902678,1.05753730305563,0.709526196217598,0.691213199245901,0.667504617366618,0.648293791172707,0.637640644865266,1.27732645288319,0.881880595061846,1.15902926075705,0.95504708696005,0.773585717001561,1.03064921522302,0.661786547908883,0.979842569132849,1.7498454990386,1.1534804653905,0.7293477918267,0.811049604483379,1.15696631560548,0.90470821882089,0.932329531124363,0.877118150113884,0.946491065929656,0.684757500476734,0.864496593551701,0.952825995821938,0.887296515590327,0.86694714306169,1.56086993007536,0.716648946934709,0.828456426920952,0.741525665464429,1.04805501867966,0.947930217190656,0.578891896308131,1.3154765258228,0.868518591775284,0.942100559041841,0.844072095125844,0.607000684966984,0.894344430280009,0.69136822443626,1.20799483304186,0.667304988403053,0.921641670581593,0.980744377141861,0.903352167550667,0.830129473315722,0.796260644784839,0.790811736514926,1.16414810824615,0.838217873388025,1.15067193418499
1.54934296464786,1.18757984203885,1.04651764565342,2.30445194316529,1.00144243300135,1.52862603027781,1.22008557124635,1.50171101926561,1.22544554334315,1.06027484541258,1.45467603315946,1.05879170576628,1.53821467739796,1.37783920565138,1.07720737251522,1.2089888682106,1.58300406457436,0.908662625142695,1.28348531217025,1.20434099811168,1.05338123411355,1.4940855310831,1.59399539003936,1.18697314632203,1.25641812224172,1.4299504299312,1.16366226138441,1.07254993910652,1.23925332355047,1.25684122051872,1.23532793857405,1.34163745916473,1.58781687155373,0.985964400644871,1.18615226625887,1.05606230747603,1.0254462952672,0.987371745775859,1.41166969762294,2.19070984222293,1.16630598864658,1.13793771734619,1.28215676597975,1.13939226922164,1.33412276529728,1.19141300250616,0.963352756078663,1.40651078651206,1.44565627037126,1.69347203041446,1.27417897385553,1.2951328682106,1.25558296408978,0.96573651880459,1.07273593456242,1.28766667066895,1.45799215232424,1.41537327963113,1.2785773153185,1.15280164246112,0.905955997878498,0.970253949579512,0.88863159282963,1.50726844862712,1.39415459720207,1.24461412672257,1.80554181987291,1.02506438723184,1.16126328506854,1.23312275844539,1.24443482626975,1.44567103992953,0.966294613992997,1.40492715264835,1.76363604704771,1.43792773629136,1.19520808394445,1.21656404275332,1.25057445006115,1.25990226312561,1.3944742947754,0.892722832306076,1.38051924427483,1.25797035487392,1.52367452920373,1.21748649953629,1.25792255048561,2.01222747123358,1.0282155613374,1.65879693974986,1.50342959933823,1.47181777014316,1.68996031408448,1.24298303767366,1.21108601957786,1.27942274407469,1.25589420014628,1.64480517357936,0.962583876061285,1.02776118166452,1.18886567873783,1.16335663465286,1.07766125255934,1.45464829974839,1.13978494349133,0.929016337253635,1.24202038280761,1.51503914308896,0.932657395470727,1.01057521311047,1.19591750376576,1.41111814551636,1.13323871520088,1.09356023390642,1.47189979149916,1.56033127955734,1.34967136622471,1.04494768030875,1.32625744172602,1.47614484833215,1.35481595722898,1.35339721700469,1.09323122457384,0.89702326386572,1.4688345445022,1.83027012723896,1.27682697042512,1.60893123635747,1.92727097719403,1.44629989064965,1.06045282131381,1.03598434869622,1.56846055946631,0.919246306041671,1.58576855772367,1.32354264807539,1.04924145838409,1.20296338160957,1.39823628020752,1.34194573926174,1.15358645605516,1.2318984426495,1.22265236710552,1.3276403789254,1.13145358500592,1.20391505737236,1.28223700250099,0.920035033925115,0.818383457727014,0.993015273385188,1.49474183312311,0.880500473217259,0.888491955277919,1.45966279758865,0.957723261429481,1.35245706851119,1.21975986225729,1.45789160503695,1.16949178468241,1.26494208063732,1.30352146231897,1.20162517584092,1.47118051998668,1.19450450245841,0.914559624771937,1.28576326552133,1.10581287899372,1.69974941190027,1.37179819247087,1.23985425847158,0.978891770067925,1.01409083501342,1.034417343503,1.32891089167939,1.7186095815436,0.962445750917762,1.34207544933402,1.15645112977337,1.51683183872509,1.21838053590355,0.955056505560456,0.629704608325836,1.22172056854882,1.08753735048036,1.72699085058727,0.920432305453853,1.34765115128386,0.979497884344703,1.06455222788198,1.27839898485092,1.43181275904465,0.936588303822048,0.993334311101376,1.32773004574543,1.29253062559488,1.22633328398309,1.05528237520533,0.901335091695466,2.52740737040604,1.20551158727039,0.753797032496893,1.19440246244498,1.39137962851286,1.36534031746212,1.39996293083183,1.31631663274311,1.13793449847833,1.14436648448945,1.14735637598223,0.845777318965353,1.09796631962818,1.14813902802973,1.15576542632774,1.06794780466513,1.06450287680719,1.6266940630774,1.32596165555038,1.06955228390757,1.38115963237169,1.37806579296943,1.30780926011749,1.40558929109344,1.53505049205435,1.11279281688238,1.23983474926356,1.24885791627026,1.00765592277815,1.47121264898097,1.47776152995362,1.14279639249748,1.1539959534509,1.12754636033271,1.04739109397534,0.927711363337273,1.56010932484808,1.12986573467863,1.32126459320551,0.935391710000502,1.43863036873595,1.60506568800304,1.2316077982131,1.23571113877805,1.01197302906213,1.58740480459744,1.16888741881635,1.00661544765293,0.849236230988091,1.40136565570043,1.26560696482309,0.972952239675885,1.34329475453446,1.31078932663564,1.27688384232742,1.12233077090173,0.998513661047559,1.12648350487734,1.63297183738845,1.47643572709955,1.81395352440519,1.26267966513852,1.3553706411403,1.69605900807729,0.945942806948272,1.11775523249114,2.16745676759296,0.911319151993029,1.01408235893127,1.19478746328186,1.47152381629063,1.3652799574465,1.02208000559248,1.51253768745069,1.71763855919061,1.17724142920689,1.1465485073516,1.59286201822129,1.61477050451181,0.997020683526399,1.17640061030722,1.24218610733769,1.36156973881854,1.1766703625005,1.64228693500676,1.06125157632933,1.20368166736015,1.33369273659185,0.879661195953672,1.90321381611679,1.03287644324916,2.29715087752226,1.18839703781194,0.870562387989031,1.70206656674935,1.10561478059911,1.38081909282963,1.05107701006653,1.53136669761322,1.30175714306289,1.51831726312933,0.942663378727783,2.52599099833758,1.1752038977743,1.20402159766543,1.37707352952942,1.2917552887168,0.828609543698136,0.987524188238287,1.55982227522102,1.6977619673513,1.02492464367024,1.09789965046446,1.19575470811169,1.49018635818057,2.0898643139877,1.49709105702742,1.24978907418168,1.48257753551338,1.45584489610144,1.4374894335264,1.13522235423677,1.17789088543165,0.883083266771678,1.25053111892893,2.05257978084799,1.73385772576778,1.05574867327981,1.34454359045183,1.06200590072303,1.26468996137333,1.51573265014567,1.08438705774119,1.99563179063182,1.28017747070904,1.1138036011464,1.0119057452193,1.68390661579172,0.969257428962064,1.44028948983281,1.04708201770498,1.64593180281925,1.41695579107765,0.938461939234458,1.75164778320518,1.35486073272111,1.23094925270157,1.13094390171877,1.37022180998684,1.73376471974092,1.33275678655181,1.13963797400783,1.33882766905095,1.0946151429767,1.69392366120433,1.31474649752758,1.29688767462971,1.25291926370316,1.37873578505064,1.40387128506854,1.1011848215508,0.951208068120381,1.36933659314035,0.806501411172823,1.28488539183252,1.28439157367459,1.19302829976131,1.79132158571526,1.20442626947354,1.15603816818598,1.38313527298371,1.53971593525959,1.23144275203377,1.35653652975099,1.06043699670661,1.41974866340182,1.22432539281484,1.44519178607199,1.53109076645249,1.35251397408946,2.04651673119526,1.20677057146864,1.1127971876928,0.922382485902699,1.02945665948069,1.21528066955349,1.45429503169595,0.837077999718629,1.16961803954302,1.19499297932262,1.52179471290375,1.25096844670333,1.04199718225991,1.08147982913628,1.10045273247425,0.921729900617647,1.33512526231686,1.26232858678556,1.93629483886335,1.11783161503125,1.16692624893138,1.27543141621481,1.1487840734996,1.0054557467264,0.952920328947578,1.22839257179288,1.13179276723652,1.05573786738953,0.899918440542664,1.47844041918757,1.64728730697736,1.22565497215229,0.984635843265134,1.13004965171009,1.04008087762128,1.44297702188252,0.94017698163223,0.973037719745715,1.24279750278838,1.42657721079914,1.18490720769204,1.46447204699316,1.18972456568382,1.15900495146557,0.923602782328014,1.15514848151738,1.64585618127497,2.47502084973064,1.15258211964146,1.1266806520231,1.53949986687584,1.32783956515747,1.42733701545244,1.52813920104584,1.12457876298562,1.25034564015926,0.953383481244733,1.1239239770043,1.43061974228191,0.915324301162963,1.24940632854011,2.6779191210264,1.27922639522399,1.15370172069075,1.17230283157088,1.32658352816701,1.42345908255884,1.21446279034307,1.31979296722904,1.27624705731874,1.01819863134845,1.19146343813592,1.09897662726494,1.40772363437196,1.11901922045648,1.11388020913275,1.14927017111682,1.15281823338569,1.37949661407024,1.34859529665404,1.4806178402889,1.06332779577852,1.10541123379887,1.26779384785185,1.7615044985956,1.53333040636423
0.616428801743219,0.954855943537322,0.728905521670067,0.52064430375172,0.690011420319647,0.865386033659579,1.22878955514042,0.957575348653958,0.93478301971561,1.21539213224735,1.627642848496,0.508757427731974,1.52118702174386,0.794326692328737,0.62316045775819,1.49496405676706,0.593422148876223,0.64904127699393,0.518847331575327,0.943128622442563,0.512848449440186,0.86139601703328,1.3264665627736,0.670008124829768,0.488426462127011,0.722692056302565,0.549608002260181,0.640631699064714,1.27226971073977,1.18576382200912,0.53602437390637,0.775714803877818,0.675318398221319,1.50182485037084,0.495789491128255,0.422911774948791,0.456234970212998,0.782650413012735,1.08751128757835,1.14321723487914,0.653124084478454,0.654786768224069,1.38244478381626,0.624283738551317,0.727039196464311,0.449905937296747,0.76596050494232,1.54671440371322,0.78511405464959,0.63291314142371,0.897000190196865,0.987115144501682,0.603761836607828,0.624749052847886,0.910345655301702,0.605254348166134,0.890125347089645,0.873023911683179,0.609298748436283,0.71448364411838,1.81402971629207,0.698882532493039,1.12752664554077,0.565789341707865,0.862761718113883,1.12050764655556,1.13580280194008,1.48240596620649,1.49470213926613,1.80465889809447,1.58001139143339,0.723606438082027,0.723247986183206,0.483059387485691,0.849698792610578,1.12983869918048,0.351724202727417,0.986139369386296,0.589120447049676,1.13337114123411,1.20583715155055,1.45586792621411,0.577345686914816,0.588733410089804,1.34540601576886,0.402614997111034,0.961933080262408,0.94307793715294,0.571474076629935,1.1031328682106,1.21211277911101,0.878509718868836,0.671332560763607,0.558383815744939,0.508220051921546,0.993248856891338,0.659877127308084,2.25875177789089,1.29416177676173,0.725559043895461,0.49041780128132,0.525770114339773,0.57652561719535,1.3684771078863,0.650464601696595,0.611390120317072,0.611699305694687,0.740307468397888,1.28227764465362,0.62723267265956,0.778602525456272,1.29627544342079,0.695523962710066,1.89467970645433,0.799124278676865,0.671082870247977,0.499973203464806,0.777185481291704,1.25961955049108,0.884266584460931,1.20447043863221,1.14197877683595,0.819668413334344,1.08194212715339,0.708841867963963,0.651704914180675,1.09551623686522,1.72384697849292,0.838275854243305,0.482225267338048,0.627764893684626,0.948777848341517,1.53461228613011,1.77849867499434,0.80054707639647,0.754570493617177,1.351615015009,0.498166016971372,0.363328496665949,1.49442682201388,0.580139224208431,0.519136657099548,1.17438432218393,0.822525641666456,0.465940854922709,0.442033867247499,0.812784097124363,0.595687470395028,0.860281966646575,1.38622256472214,1.046350479258,1.68123384827383,1.13809715963218,0.444935790837156,0.393168700511709,0.34997218872195,0.687752969108814,1.20173800279104,0.608277012744828,1.42712356677267,0.44518553867733,0.601874209808044,0.425755899602869,0.588162390232109,0.584332657193525,0.35659121360141,0.559004357572931,1.24372875392884,0.455992555661649,0.445585476078663,0.727778279546987,1.18752912873611,1.10140905619251,1.12418841615773,0.565918007477762,0.969477393669732,0.599682699865629,0.638919868899786,0.764766307622507,0.533790020366359,1.51827218280675,2.00250651781657,1.02819264368329,0.486451758066844,1.12277621470656,1.50745600340068,0.487344185871026,0.523414489832813,1.51889745947258,1.61965696664657,2.36063110755419,1.28399014450168,0.752194141196884,0.602644926087483,1.17609958363622,1.6758986638285,0.527761491023056,1.62465696664657,0.860758239832815,0.69942234363572,0.872575246502915,0.728779370910152,1.17433756053597,0.702951152668276,0.47537031536205,1.63003157535658,0.33168117465935,0.960781149566177,0.557500862165865,0.813056098566509,0.4060894275161,0.366956419920773,1.27948500583058,0.777218725625514,1.01335965847576,1.09541781000859,0.853519655861202,0.917751272281514,1.25456823839474,0.833673638534825,0.626414209443587,0.773400747610357,0.820040249173728,0.517106012746154,0.491223682062319,0.610501027902688,0.716298524364826,1.04814362105422,1.27273183153955,0.767206946573704,0.518456798025928,0.4560990984057,0.710999760474321,0.78646723625405,0.843911799032952,0.981906195022421,0.430459969926351,0.814679706454331,1.5302633319313,1.87873683061811,0.61281580714576,0.4671877379008,0.422806770284447,1.53607068066165,0.739258056693116,1.32691155456394,1.66217618328669,1.14022917698489,1.25132030578256,0.672383735044319,0.833159003351906,1.7725101403766,1.08302864070622,0.800533459903295,1.06320464839841,0.950320233414855,1.44329694258315,0.526246916918078,0.765672453886673,0.749301102362526,0.559753037939398,0.986640911472181,0.54822863858004,0.689524903066609,0.51370223660516,1.88930239753069,1.39864451489909,0.849445293326776,0.475692164156234,0.491851268592949,0.441795372062055,0.582792285432916,1.27793401773219,0.620262388603573,0.674952574946336,0.499082766357679,0.60611518971881,1.04435995895791,0.951250273397544,0.809305817608703,1.19085226821422,0.745037183392096,1.47496781805276,0.553864904650308,1.34258597152254,0.518648275301078,0.705264096441505,1.24019261977107,1.48275459636927,0.709086614125697,1.41120846804391,1.33248599537004,0.823618486565439,0.555311265675477,1.26506208726217,0.595878441452693,1.1899531194889,1.17181139869013,0.5855713648664,0.586716171306564,0.210134708571209,0.992440133736237,0.497159283025358,1.77350653170661,0.967450301828508,0.678197049972064,0.974840590924149,0.715749907387064,1.950921398832,0.540631188000063,0.621277174270303,1.5771556238174,0.918229687709738,0.315736213732759,0.897257960277366,1.51287732128665,1.55528186452245,0.981238259002408,0.814679706454333,0.600547432794092,1.05556251490604,1.85371509309346,0.880790106832274,1.68394263613669,0.463018773680649,0.429561081728158,0.460788261693345,0.701389087076121,0.58891522418393,0.784889063663027,0.679281223908399,1.97132341288316,0.847697329110379,0.697886156540595,1.14466844183723,0.667568290530547,0.835297159632182,0.980822844347186,0.390797756637858,0.348561014651833,1.34664503799911,1.57369134140017,0.666392174331707,1.49959129266284,0.501763582001682,0.833760812542909,0.932234340092547,0.939345916290472,0.926311045804124,0.624917242241078,0.866947607271152,1.61260498998118,1.51030265688388,1.19529715963219,0.596930756016752,1.35342027230467,0.281784094955887,0.695580026226034,0.887969630904911,0.813434091564146,0.441532775297574,1.27871083568753,0.498888185794562,0.492588065498661,0.869549220048396,1.00004249265264,1.09715916718285,0.892730860328557,0.520124866875839,1.61151319682089,0.772554316746651,1.02773490658273,0.981245404945273,0.46479812178804,1.47988121617036,0.589506531706613,0.997434032861887,0.695625112715115,0.601303557150175,0.521962882920927,0.408837828550737,0.722373352284632,0.739466596307356,0.716571935199747,1.05346273166941,1.35755638756559,0.487510165928255,0.697864010966528,1.28200823983281,0.562872930627032,1.41325182778455,0.503265170542042,0.831357274505531,0.774926882586744,0.525022337931133,1.18753670250711,0.669101249974595,1.28348634467668,1.26877438502896,1.01779952036822,0.715604824171345,0.975886678805643,0.489422616577595,0.618786591440303,0.57265429723253,0.560027358301455,0.872791160455954,1.03556378608525,1.65625437934771,0.730375753973042,0.776973197543446,1.06403721368656,0.899283729607509,0.495677537338875,0.920312860871703,0.406646696069379,0.552999885737834,1.08320609175489,0.25284804763739,0.798848386401295,0.918648991302864,1.20589051576181,1.48046830991954,0.498650446247359,0.480060593641166,0.373414489832811,1.31627645277212,0.428437281270675,0.682968572203422,0.632779037720886,0.478587758860988,0.660747858461749,0.856111838200248,0.645712539648109,0.49800659282963,1.41426802487683,1.0958526281409,1.3813112383581,0.982836322867392,0.476928622084481,0.346349299989014,0.667278224103027,0.741688670816367,0.564386391433393,0.783453984713795,0.630289905065225,0.689318688723885,0.821986794364681,1.5465512822144,0.389651720190528,0.752131771706656,1.44433646267764,1.32665052717594,1.21990653170661,1.08433135254995,0.797771689372588,0.702212648059263,1.02399742697113,0.983843557697723,1.1199795124354,0.97651016872042,0.54375215228056,0.774178973855527,1.04802173282473
1.12554394864729,0.678976719016794,0.640938583220596,0.484808390664784,0.789232815400446,1.15550094899971,0.635777377693519,0.771157353080701,0.70292682249588,0.835672275406203,0.971278102764055,0.555591736300497,1.03456615522572,0.937607465754234,0.791826145145531,1.06711795505586,0.878982651247084,0.689452717440705,0.924304754430973,0.727595051699198,0.525744560497536,0.620185131247884,0.496583048888358,0.721931555223157,0.493687599399539,0.97163985637934,0.611504966612776,0.677689748202918,0.847738570745602,0.608267619042821,0.599612995760037,0.930548966285161,0.794830819431987,1.13482278708307,0.581520004786386,0.562156742629066,0.601645080485512,0.662311394620442,1.12048060025055,0.893489847746388,0.754131088306206,0.764144110448549,1.06729916028948,0.709826943853932,0.787658692735682,0.774560392491762,0.710442584807442,0.608001772607307,0.571494127192137,0.698605127113653,0.70746620110921,0.679392845296464,0.71128585428059,0.567038284545783,0.750801793816192,0.462784852904508,0.527084351172441,0.648364258733833,0.621709721583373,0.553282806390612,0.980622867038624,0.672124337350566,0.615411526062523,0.529732892119639,0.628908492806953,0.750756903996137,1.4252225733402,0.761968055444835,0.981281958807744,0.923005288767431,0.652505717134758,0.779370723734014,0.577698013074248,0.771996860704097,0.735754856921181,0.51698396104762,0.650811009942201,0.675236624482552,0.809963045401937,0.76782454954395,0.982771544229703,0.93646208739667,0.640497136774057,0.756590924008237,0.938858892584342,0.445016527123778,0.826969596109064,1.39619174115956,0.556756119685523,0.965908803807905,0.782017568887011,0.654147065893898,0.552365032651227,0.43763433376853,0.512815362910591,0.834160578748848,0.785119318174355,0.917236881199082,0.690746517046406,0.728111432401536,0.826995298906547,0.581605654263584,0.627728877116313,0.882137044187589,0.720743788837209,0.457749776696705,0.729434169870311,1.23930061327167,0.812354355953657,0.632179213420816,0.92832201503318,1.11890604845629,0.647197956288006,0.932332479516599,0.860696549168941,0.5033558779955,1.0390101720508,0.81901155535154,1.18127767626742,0.689077963046611,0.671501591011286,0.873735456237007,0.599994212803018,0.736581999650706,1.09046487148074,1.15245945222761,0.863991037355888,1.23929949144481,0.8186608247583,0.668465838382777,0.548901352961108,0.809532980828973,0.867900731954007,0.662213744924852,0.886111072535274,0.620710477846515,0.752146159625141,0.510023332425882,0.588201776441358,0.680036546750992,0.908960411618685,0.765856634036249,0.773688943317421,0.804019342484919,0.565366111634917,0.75013960907079,0.842509559070126,0.581836347509982,0.663829151714872,0.77308852991036,0.742562012645586,0.86248611652083,0.659782002790273,0.586206033641845,0.540976935093009,0.969801897989389,0.881035660497632,0.787477733030567,0.71939158928946,0.53323426218837,0.688062496834235,0.781870352811789,0.593393142600414,0.705203850288353,0.625555038992137,0.284386912420645,0.530581152576608,0.631096792421032,0.437590706700508,0.62182246372922,0.667992877223365,0.763016099982438,0.895543740981601,0.518568725240561,0.640347116484834,0.700485154598262,0.88734494489122,0.585844769954672,0.781066387354776,0.649935492309436,0.901890035316878,0.88635019031702,1.03855234039131,0.489416624316455,0.945355957278866,1.16128266647948,0.519615490743843,0.558880352823169,0.849522466977069,0.818611100092105,0.766926306891745,1.03693167621932,0.609508318667717,0.689034101225241,0.475608301272787,1.04678858947139,0.713632921132916,0.707843650096398,0.565976592294447,0.759238779819015,0.551878797777408,0.793171269977231,0.951205617997797,0.709956242530618,0.972036724490358,1.1575558190656,0.483010069338427,0.908356873050275,0.446564103009899,0.577473755819286,0.542183663040889,0.83458760575854,0.753438383341352,0.49488130997809,0.762188217613195,0.859132495745177,0.863858904957725,0.716336308950559,0.934642209008697,0.92432991327806,1.04057044849908,0.676053971078612,0.515316928363756,0.691147269530654,0.574350033031595,0.819717296090044,0.693349905158856,0.988817739320014,0.962255631078421,0.675636779482049,0.62459405469558,0.373172030730353,0.675129937419774,0.689478169493175,0.713286978175035,0.824330429259412,0.936826861361826,0.692681569162772,1.17567794439974,0.575195840377676,0.686764963459255,0.688704356012856,0.586884607772858,1.3788399520366,0.647843064077533,0.784891779215014,0.882324885627466,0.864654098318694,0.804360330447143,0.640900290750803,0.526115681292067,0.64409515371557,0.733818807392216,0.777404824494129,0.804407075191537,1.26465379689777,1.27022873462906,0.603512526925746,1.07532312548846,0.821923682169138,0.53350797360276,1.0114942438911,0.554716211675842,0.711492681360958,0.528091234358369,0.769706498394553,0.863431675873156,0.578213946180037,0.739323633012196,0.451114783684289,0.543716811952372,0.991054367029877,0.641475508296571,0.608355421588009,0.582967482622456,0.649735244542856,0.418275761941986,0.766437668487473,0.837784718787129,0.848002225780075,0.730659633155441,0.667443210829908,0.639860375421201,0.47400416229924,0.733966839132167,0.48415798723467,0.626619165593204,0.534204393945064,1.06102208878057,0.521210342948732,1.21747695852437,0.830963341838841,0.489764995769726,0.604441593537277,0.608289477006471,0.672125294020781,0.601636334469583,0.806263985710581,0.483862432296656,0.642255209715511,0.390452057105918,0.624201017285659,0.745736764727334,0.880172698150866,0.750000636136571,0.580970704967848,0.706303279592592,0.321307970629614,1.39841360538311,0.580283856564239,0.706162109826507,0.649527086559153,0.929294668002538,0.702098865005592,0.627098405556177,0.802055611407288,0.855296321629941,0.60822530466834,0.608034105170862,0.657263071106927,0.789040594822143,0.784028475561678,0.73354374047816,0.576434017056432,0.925240870200537,0.557320089925695,0.452250401216121,0.59747571344578,0.682834093999266,0.740392094523439,0.752126383400824,1.04069548823158,0.735511703755486,0.848087925232832,0.699425694044188,0.640490477342426,0.692736434838569,0.656690426393726,0.534928577816419,0.574954610315362,0.849910711994056,0.904016459364789,0.525320890562464,1.25320909797034,0.657044585979931,0.713801253072701,0.774647771803249,0.895750155704844,0.74433908813628,0.776578495819806,1.00025764189885,0.788299764378657,1.24888362056491,0.846305409403618,0.760652142824286,0.772368730200637,0.259997891067543,0.744739775324119,0.721803689424145,0.746695331014012,0.517577143698524,0.718182274037802,0.963519782071361,0.624318770101025,0.630489171303934,0.894268671086761,0.874550636965189,0.968360115455602,1.05724035770344,1.29548448182109,0.823882894294923,0.458104081555321,0.795803932588525,0.286640806857906,0.773191435793001,0.682105628985427,0.794015315507041,1.0193714097369,0.547549115592494,0.645655166556718,0.734078376674999,0.721968856376726,0.515143625025649,0.762008611708887,1.13930166835242,0.798331479462242,0.849012483069456,0.705622334492668,1.14548502704564,0.709972125439842,0.687904185619208,0.545802263648646,0.892415464990667,0.602724244943342,0.554018072204069,0.900989855363783,0.97141854297883,0.803992161688696,0.600324554195951,0.784954021129021,0.703216479005113,0.673791996769839,0.44506242559618,0.671367330010037,0.506707849896671,0.773007231503279,0.613582544390708,0.572820116933333,0.968524377868469,0.691276617788012,0.763039050174455,0.970518518452628,0.681756581131704,0.451397405199146,0.623657416276198,0.462281192958754,0.658945682266065,0.663587645418744,0.779319546778886,0.525495642306458,0.797413932457137,0.687982455345685,1.02203538058004,0.498320476997311,1.08523386913942,0.419972096949632,1.21931246162564,0.872965253412819,0.618921049640871,0.729221404523771,0.68777216528458,0.84176786177624,0.644103822226474,0.811716796091306,0.606128493542263,0.868657993326617,0.514349030273351,0.847114970340432,0.837474081167648,0.556838878460716,0.837345138685174,0.777671801171396,0.719383162975758,0.500775703802546,0.557393687067929,0.718021463477506,0.559440764973093,0.587545310382595,0.777199177606163,0.717682642376112,0.601784542625239,0.504235901857015,0.799913003683604,1.11015393859742,0.713081496522414,0.601866454488013,0.887299137012429,0.777128701047181,0.707804162883528,0.778886355243876,0.65843849056814,1.10484747509803,0.609746715834785,0.630630950676266
1.05639676573413,0.506592097971475,0.892007171474988,0.476638381292777,0.905561993069617,0.78642780664163,0.670404977553339,1.14331476427223,0.82840954246955,1.21211405237708,1.14424754832626,0.856600070477921,0.955049085315205,0.810886602236895,0.727036409246959,1.14537806625867,1.23088348864819,0.820128179665218,0.64746120720127,0.929997110006768,0.929871642154534,0.725703691354311,1.10768330596545,0.836418656291858,0.839159534097323,0.966248644859002,0.839702664215766,0.887755604554938,0.995673188550622,0.685826268592947,0.947379198969345,0.677862965622318,0.722139251175426,1.39979309380232,0.753889666191983,0.800861027186233,0.83273028299396,1.11730133236985,1.05101069784259,0.513029389010666,0.611410087108554,0.77269166994044,1.43051166977829,0.90091448354259,0.812430225537867,0.794981419419376,1.06102534310249,1.5167234646926,0.64963419232066,0.526322324571128,0.781993445708523,1.81007993271117,0.660968179124889,0.903769971653574,1.0162705422258,0.736612827246552,0.791763442529587,0.901767624877604,0.738750189602294,0.868050088659469,1.48533482142098,0.739716998111685,0.897898228453573,0.720270215556786,1.0992257733058,0.867276645015624,1.74873313238441,1.11954529871386,1.36897121585273,1.41923492161222,1.11681476177729,0.981044443227517,0.937416992378924,0.683746530465276,1.05670672933171,1.06310079115469,0.733272931765949,0.906462686414402,0.833861791853587,0.719491430036984,0.913703668726892,1.2457164323387,0.55980396696449,0.952206301503878,1.02539702653158,0.441535026978694,1.1375344149189,1.88283687034987,0.765413160221338,1.24581163010079,0.87767676746139,1.24645193052051,0.958336003683115,0.884830992878159,0.67344029508501,0.950860917651441,0.87043228452193,0.896743195317464,0.895913710541635,1.00579748374421,0.940294018179263,0.881475727661909,0.679507366899987,0.854017424122476,0.711710197146636,0.95569927318895,0.759737376084781,0.769590138619984,1.28714261501236,0.845258053480254,0.802005756585798,0.985644801209399,0.605563091811705,1.01890085110741,1.37935712487529,0.464883174137662,1.10695749999301,0.889169180368166,1.48299802493642,1.08003122394889,1.1966891405996,0.838036642470122,0.787256414392731,0.869676709097665,1.09103684650505,0.868733733867434,0.755531499002486,1.016935621873,0.612566314159021,0.984603292319649,0.663387292070974,0.918740439259142,1.4742996106673,1.1600141098459,1.00325428150003,0.758395001656273,0.94285650831344,0.866595914298081,0.785805016074531,1.04954987992726,1.03347886192052,0.643498392209416,0.767636743116414,1.12365074490684,0.918745404945274,0.92923317858681,1.14382635255723,0.775148453957871,0.650928388304804,0.908414489832813,1.14911484332898,1.1688477016487,1.00390470957252,0.647070724672505,0.843522624920774,0.587654266746126,0.992570974907677,0.74599508890687,0.761863554796153,0.895092998111681,0.676477227128285,0.73715547552918,0.744472375448049,0.700340688634122,0.791964360123269,0.221394427517072,0.815082823523277,0.462577453187971,0.760311003017256,1.06714024560656,0.942961219245951,1.22630347622949,1.32133915723203,1.19760929807943,1.00547227908004,0.851371986717592,0.798638335297382,0.687020683526395,1.04019128467839,0.942730508291106,1.06246914046099,1.09111237105422,1.27325484930062,0.755033885662459,1.09070512961181,1.51794052283773,1.02912556411121,0.732944438857621,1.17803868689934,1.00473211020515,0.944233611963526,1.3856943977362,0.886336401740457,0.597865818306973,1.06522157506051,1.29766744356546,0.969955209998873,1.08102520718275,0.767032058681468,0.705167365198979,0.819944919408504,0.7793774653152,0.879173129879316,0.763462089194809,0.559825035302506,1.38675448161717,1.01949080508883,0.883348245663985,0.613192983321927,0.649628457324797,0.767835843481027,0.728478221081781,1.13744799042758,1.08691547146034,0.953917549048042,0.860766048506693,1.13877229275045,0.992670590705027,1.06563293281739,0.782149700468081,0.798875793756111,0.931706753613571,0.381934827641656,0.807091222699361,0.809958620447342,0.845628085778254,0.913583692053923,0.690151678698099,0.789439710240085,0.782674801850441,0.748613929596365,0.58166834401744,0.90805481000561,0.891081759908726,0.800898890673021,1.08335479748033,0.707561923471823,1.12057908590625,0.877342506671763,1.06917457824964,0.836776557141365,0.771132633788503,0.921084469426102,1.61247044280759,0.948219668109459,1.06341857147591,1.53917550222818,0.808418296081357,1.33994543410255,0.752421701996153,0.758580995040159,0.993882457343505,0.786665731402884,1.02917961676852,0.962596851569157,1.59400124732032,1.64414654790019,0.979903203581478,1.11418324091118,0.834377575122407,0.56786188811407,1.12272066329887,0.79751852543988,0.946667934873816,0.480674022885429,0.828696350360681,1.33428414081414,0.816528640706222,0.748107093526859,0.81819296323499,0.82487894979197,0.640306407058427,0.515747211676139,1.13983514303315,0.766013375851749,0.584858753943439,0.83596665553739,1.21628915401741,0.725492044726986,1.15007280085456,0.718470338922364,0.973593589035084,1.18985465960731,0.991531918303389,1.29660792266108,0.918563649438991,1.04906221449451,1.02041577026139,1.40336639365073,0.366142013114384,1.54152318332418,1.26922694316529,1.18476537007372,0.978949758930723,1.3176241278119,0.997746730552288,0.485379179985935,0.922144377458267,0.762151058388008,0.854087647558658,0.464176786114943,1.03604262287945,1.03446384719423,0.856823837163973,0.508781144366853,0.700199887675609,0.729640693059218,0.884514809367212,0.843700998111678,0.860296664676649,0.545573551309764,1.16776340522701,0.966596894209721,0.487802656883874,0.971479890778047,1.24736606437542,0.932301917217906,1.08969879261058,0.799641180624472,0.93884906268434,0.929516479363653,1.02756447292944,0.650443458189905,0.672698159856305,0.550409611237672,0.815058276029996,0.611005344219899,1.0991886600169,0.848754847744583,1.07496780986301,1.07745759769094,0.871252541598726,0.673315737588506,0.752077954859327,1.0598021609929,0.809181079930975,0.906600432330125,1.60186326775694,0.770004117509958,0.819134656443031,0.807202821364647,1.24457298908525,0.473477527122832,1.42986764043067,0.651501397256274,0.721316765149132,1.09967053178062,0.836044920603725,0.744871919345276,0.999600888296885,1.23183583145303,1.10395881120172,1.00981485744458,1.13190574097514,0.721725035282097,0.969799701886895,0.58480201360067,1.01316071141918,0.874677042949663,1.02111300376997,0.424204914546764,1.02608554322738,0.810333868700989,0.921689867452747,0.766396519965631,0.685520125860764,0.870916943559971,0.911986132418511,0.74963446958406,1.40800965728246,1.07126676815342,0.858892907531725,0.744369676696303,0.246411697536852,1.35211449955558,0.826861902715958,0.829352839166965,1.03427495948662,0.640598035433033,0.64302390541522,0.655113764368626,0.856551494554684,0.783261420783501,0.835113148229874,0.990614619278801,1.05539013135926,0.677216717726505,1.00773124895332,1.31747549085259,0.755040410922864,0.93740403057077,0.730436768429601,0.949436615042356,0.811754673089755,0.750611965782452,0.922087088361072,1.07193617894836,0.864471119468506,1.03545767064298,1.11415237535079,0.659121502951929,0.908150836143817,0.909075859339909,0.784439692709831,0.924990887184539,0.910275464061582,0.706423307278445,0.409962330954336,0.915753241047295,0.866121021313352,1.00541886076454,1.33277766243059,0.752052310044555,0.940852049528072,0.903248066344598,0.767165689414633,0.823493037740393,0.944915081194174,0.538201185449446,0.769219156295196,0.854628038799461,0.96382663269577,1.44629986614651,0.795336493990157,0.568476485526058,0.420838628701676,1.76244473921393,0.820249709506321,0.621804077732579,0.874244036892056,0.703204173288692,1.04232986811064,1.19214396943043,1.00574050576411,0.97167044001112,0.846781781076236,0.708755860846439,0.853458547725655,1.0953867018349,0.831039365538749,0.617450389800596,0.937621862679669,0.844997481844228,1.11539461186199,1.01204203424857,0.66514294376498,1.08333527756878,0.713361729610973,1.11247170390087,0.677937985869677,0.604154374146605,1.06950800682514,0.879579769914361,1.22725918358821,0.672026623630785,1.10111089902075,0.958772848627453,0.676080225142118,0.872478906775158,0.874942008975912,0.777700370429063,1.35925341059348,0.566366909329144,0.889459500609138
1.15830192714683,0.808564162812452,0.684220521493934,0.882997751766072,0.82360864565,1.15722304433993,0.794538444654878,0.841190057255448,0.741409134604578,0.825709592607631,1.12835171337788,0.681718322749463,1.19048066503454,0.990337865981633,0.854980102971097,1.01828082053437,1.06081197080059,0.746731577205225,1.06335016853906,0.727337908931039,0.575695842006692,0.76587351671019,0.568602209286537,0.720997093197441,0.516016243560568,1.08969897525278,0.668202274091966,0.695852831975437,0.912021689758987,0.684511216068569,0.670468972075785,0.942783567592528,0.916154258882545,0.961284501126901,0.757513551117089,0.724203078811673,0.655564302612637,0.769021203038531,1.18962019012635,1.4720459642343,0.8766447821476,0.862820558496533,1.13208796817843,0.754523400742961,0.819938317106474,0.81961128506854,0.719183112557402,0.64372281883182,0.791711642022257,1.22205453762703,0.762248717374752,0.780832439051986,0.703548566405897,0.620502426466546,0.79708465320899,0.556351041895586,0.643687233392033,0.957560238864333,0.672007782578205,0.759016459524394,0.991407391057833,0.771146524792971,0.763753853467337,0.802676962155852,0.748250279444012,0.678157781783272,1.38499445829852,0.751280279044778,0.998127848098245,1.01786674268721,0.78795893593706,0.735397201455266,0.588065917893807,0.979163979306065,0.762681248603196,0.698502336851732,0.806227258142965,0.728994316597402,0.85233907310077,0.808139481459287,1.11161999277475,0.939423966616521,0.837451673483856,0.89773007465562,0.968636042524401,0.716367912790414,0.934478840101726,1.73389171477137,0.579481585845805,1.11052794308841,0.948408887742782,0.703705656241685,0.70968104070323,0.482928239060405,0.616926119211765,0.798498664920949,0.851160180614588,1.04583698985623,0.723784501457934,0.729151102739631,0.792832892178621,0.662743978363671,0.653503360204298,0.879559722729678,0.739856787470797,0.523061640320764,0.789301154245072,1.15218998323043,0.836853424994533,0.64108805183303,0.913228569594527,1.09621163180844,0.695389988761242,0.95972129223843,0.94014289017538,0.864054698108977,1.12233358072017,0.89014732584957,1.15301866190877,0.87929504491008,0.704802954388924,0.886881960829015,0.645334066859949,0.785809186962263,1.28924105533567,1.32869556000931,0.961194184476215,1.17701348438869,1.06087770904396,0.751045168315181,0.665395624205021,0.830199139408333,0.975606536720149,0.722673827105513,1.01686309880229,0.761696985335099,0.701229007770518,0.607415265251911,0.72447187489291,0.84511494696107,0.927426071096089,0.864972237833843,0.933414958482794,0.840253561189774,0.596098081481826,0.771454254414184,0.900087444235165,0.622449363652299,0.663462591952546,0.866900753854505,0.877996981737404,0.918307972903553,0.824846856367538,0.691259426428982,0.56744120236814,1.09699596963589,0.824153191634372,1.11827970068384,0.752293708258816,0.608263704144675,0.877627096040312,0.829495854896499,0.867974186691869,0.76024422070967,0.766458080357636,0.738146148785125,0.553283924796866,0.935254575155796,0.508062786933876,0.629517003498807,0.762513257692786,0.812770221236585,0.871395030936366,0.545674121534528,0.703527992715761,0.689685096124924,0.900805105684971,0.703171967607162,0.907154537877986,0.737549395007979,0.865532041654907,0.829935546468894,0.84752970078019,0.565002398563793,1.1634877156783,0.94551108858409,0.542583087013906,0.61112293953517,0.851425595160497,0.853147304852365,0.953036150059225,1.05018297288078,0.662131072819723,0.849887066829688,0.554759794974079,1.00878930853149,0.73192139573242,0.787417738141548,0.851605006410986,0.917400858565731,0.611733719645095,0.752364652674786,1.02000538876394,0.804836345875071,0.964638747261443,1.14917741456078,0.550899977688337,0.93277462297349,0.546610024604195,0.606567280321156,0.638844562430801,0.853684208478013,0.800261202456514,0.525245442648415,0.779762054826345,1.17512375482529,0.932435487530231,0.844949236680671,0.839098362828695,1.07312214066349,1.194498655972,0.702618012289089,0.845231128571929,0.76256378299937,0.683703413291845,0.88900434898387,0.749187699557283,1.1169236501033,1.1165909873304,0.760097182171584,0.830218452630567,0.586253148575606,0.645754222007176,0.719941664448689,0.801672713004974,0.820574325163865,0.937505825945559,0.712952687820461,1.4004300983595,0.671455477450184,0.699356217881322,0.676419600505333,0.685707015023052,1.39225141745914,0.773267407383467,0.827844368198779,0.950917957933166,1.05229641800187,0.850381051251459,0.62214357791791,0.616604787807476,0.725345214854469,0.739611528129716,0.807411206449364,0.840229895208622,1.22082440177444,1.22392068520199,0.651992508794119,1.35606719313313,0.948737751049889,0.758901909875789,1.17649504046766,0.589545443226319,0.756555461273629,0.969250925037385,0.980128861126264,0.94677377174691,0.566610992139848,0.784827856341141,0.680933702673228,0.608406482439226,1.10300392552858,0.835991724514733,0.681848793987855,0.675148804423892,1.12715275824417,0.543473198725883,0.822639914996652,0.794805597260755,0.901650383525217,0.802919289463661,0.745946057560025,0.892237484331894,0.511372105846403,0.939259778301416,0.544540678645529,0.577490755359347,0.772140782647715,1.0973892588663,0.790588630843746,1.25367927479749,0.819047388085292,0.687249063223436,0.658508599335259,0.672380237535772,0.742764646703823,0.731175874896896,0.88338092250626,0.550485450092243,0.648421892099658,0.7963348458442,0.659534360217008,0.747479823202595,1.06689608072557,0.887476152247796,0.663022100991955,0.687763865778603,0.48651243229048,1.53506743135891,0.61269783592343,0.887985252362947,0.698287928455774,1.01767314734989,1.07756735350912,0.884113595716996,0.863850837270454,1.05538278491874,0.673809837558362,0.642154857396581,0.735594331195117,0.781333774402986,0.729414375767177,0.830367587430583,0.82532382257676,1.04058621942982,0.66635040287439,0.723100748698135,0.672131240552783,0.87517088292281,0.819977633506441,0.802905802250648,1.15216831246402,0.726308578470082,0.971877794563966,0.711321540207131,0.810285745093561,0.727904119753735,0.811117188301283,0.613433313833573,0.737346321750148,0.800751980436438,0.882088881616694,1.05738397425498,1.01257961717247,0.764975439945875,0.817993152293602,0.868602720832933,1.18051172042434,0.780222492486947,0.855807368378528,1.07538828396962,0.984175328381857,1.27587908313214,0.963824666498779,0.823663701340142,0.778457799928062,0.420236426411107,0.7825028625644,0.853136438080616,0.801111619754835,0.717297993844311,0.695167232198464,0.893931444517162,0.728715810309508,0.695347654311538,1.24359388981304,0.933899677232085,0.918513455785117,1.18264483988634,1.23350380571922,0.857515604276932,0.568901219127179,0.837802431340123,0.628138110268411,0.836404118053818,0.79547211773103,0.958584282850518,0.998076232263633,0.944847510946754,0.816123704075523,0.844865059314786,0.731686215826163,0.540368939896135,0.774358641880745,1.09171019127878,0.82553022108506,0.972067401174377,0.852841196420038,1.20556457268282,0.773508574809084,0.727841079590294,0.709658447304109,0.808288099860823,0.644321793251774,0.668725957052453,0.932336905617536,1.24578546250771,0.897114725743898,0.632472693626131,0.85473320208713,0.728827642100302,0.69496373975271,0.509329163433644,0.756984476452838,0.591924472317839,0.796206934766736,0.710267450966363,0.943974287790625,1.23019121009605,0.766739203071507,0.799580226751997,1.01748189148364,0.651830771019439,0.613200629777535,0.632250472621476,0.538407598492318,0.679862355938248,0.824855832373656,0.848877609893567,0.605692354522926,0.768750509333771,0.728722864627028,1.00137390563309,0.53476562498331,1.03534621092224,0.834213323252277,1.37801047640575,0.936219247507474,0.803556011316357,0.731487518100608,0.835458855034032,0.984364643036737,0.675785947797169,0.989075142280089,0.596642267920381,0.838313470217631,0.629272227174981,0.821200167261898,1.00984007543238,0.707685673336292,0.950313167431578,0.835110184730351,0.788582111544804,0.545921880890269,0.685496760370991,0.797640603637376,0.579573467424101,0.70496831294192,0.751883887880334,0.814765261196343,0.656222697299673,0.665089056299615,0.753090555556502,1.14385817623391,0.758699528312772,0.680968450875475,0.95761744204393,0.928758748794096,0.835960031236381,0.809370492624059,0.759714262067004,1.06594387469307,0.861162774227097,0.774914058988122
0.374675896130092,0.525377777828158,0.807467909158239,0.94868834532519,1.14897682758605,0.740901707811336,0.678043324207424,0.971277823209066,1.0213835914394,0.817407081313372,1.11367444564997,0.684091515916222,0.462185835527287,1.05571955300906,0.821079953638648,0.983960868483507,0.402995661514313,0.774321261708149,0.873506342888533,1.08770920233343,0.858713173596143,0.739242402777076,0.68945668492306,1.02722930203343,0.543637158481368,0.588523355514116,0.55573843533576,0.888502016248994,0.859812653719979,0.667450697722091,0.929295563396299,0.868789439848507,0.927404324159296,0.87485033105089,0.596633292239006,0.622573527616974,0.677364866578046,0.999790284450883,0.507560229363928,1.8094080958177,0.808967600758171,0.702286166789902,0.60462284725238,0.90883077278195,0.947169674684889,0.776073198606255,0.907288080507236,0.878408437025293,0.540927320707876,0.394142582178321,1.23570774791433,0.756728131772881,0.925257064550972,0.76838807011586,1.06702601151337,0.537706570491686,0.438481025788464,0.498246967946432,1.15424762556737,0.335784329399968,1.06524102166236,0.661504855834735,0.865830727410984,0.541304588245891,1.02022444909259,0.948854275109468,0.973050768025526,1.06007475658581,0.828621644189841,1.12133149868535,0.522334362551499,1.10867636357496,0.740780675073818,0.711748264366505,1.17545042021971,0.542341375303535,0.722876561013135,0.645042365667371,0.949453476300808,0.927203794410708,0.963399727221942,0.943619914838268,0.426763067528079,0.691377846965442,0.535343817237358,0.374585393063024,1.02772072030388,1.66769386842347,0.646490704763808,0.848964312115698,0.665127030835933,0.708203844813696,1.00466437510632,0.452888863055773,0.768556293772346,0.873892289782295,1.04308336860757,0.496576645111655,0.967099289360813,0.910010542808716,0.957239446676229,0.737680761200478,0.776923165218434,0.856950763505686,0.801952496943465,0.599038905953415,1.06195495267114,0.777985874118534,0.848575408646947,0.966812732196164,0.837704589263555,0.647616128425994,0.788305530855792,0.618030617894399,0.809555941301969,0.228222025816584,0.579712081489452,0.891016646577886,0.891008023959766,0.272960134919892,0.547745289667974,0.818054950302546,0.910071119610255,0.840759094027095,0.466056661654886,0.343899374721869,0.929167125364701,0.540521768067998,0.389991169507665,0.779940169518276,0.513944358527064,0.89906574877011,0.464763133899134,0.737675907844928,0.433072525035042,0.8633111724068,0.971797779578864,0.482122002089603,0.994092317969037,0.415898922532034,0.9817942741683,0.707766118213157,0.666496183772049,1.14634512295993,0.47509257692658,0.815478134377068,0.753602846686012,0.793589254791047,0.698670788062419,0.904935142575772,0.760731973630484,1.13506170609569,0.814980665560993,0.437711231020731,0.729336022464472,0.645933993893583,1.2017058049562,0.780537750339301,0.926937956981218,0.69379324506112,0.398186510652818,0.923665924861238,0.18225737250524,0.621619724769616,0.768581047215056,0.16633285785373,0.673742603992268,0.319717467068711,0.309643439430329,0.787393482607464,0.757067528514557,0.952897744387489,0.90508327809271,0.691121970006591,0.865033348803734,0.888576180830981,0.672392605475238,0.579228619724811,1.14616293346203,0.881174709843545,0.999148764193439,1.2997971188306,1.14037334316008,0.492129295523247,0.469295972326769,1.12712147659252,0.523353576517812,0.607175664833242,1.00401504880247,0.840543622333876,0.607018194564735,0.829382493328083,0.82645632733972,0.763335722955155,0.269982806818769,1.2328667122561,0.9658707224751,0.708664715732357,0.46867263818003,0.331347279124411,0.835302656883873,1.07903614892137,1.01290491754746,0.674105559634708,0.621819143863593,0.786850463984673,0.606526780028565,0.701078996546986,0.410667801494666,0.763403065668651,0.623614789063367,0.742189336928416,0.915123623437017,0.592630683811324,0.847106576421057,0.474208612193964,1.17047325272713,1.04430241311221,0.923969292939406,0.845658122188102,0.592031893006719,0.950113110089962,0.303459999540658,1.03568489282972,0.516718572142277,0.906839668896594,0.721615756308358,0.549079064155301,1.1579021167606,1.1749760575185,0.51410775681161,0.221757465154262,0.784891181152128,0.791157079558148,0.866671202645091,1.06067126257263,0.887313378330455,0.870246490611247,0.528254079539141,0.550596269331263,0.893254175963839,0.834292161206129,0.732808629890764,0.565176707133619,0.67858167295107,1.00785674912855,1.26159335815506,0.907535006925028,0.478824467140732,0.660507591314923,0.444475800811859,0.456133191912964,1.18950671331469,0.920140313205595,0.899529634452319,0.822946277050271,1.06549777004685,0.866752589622634,0.329311057823047,0.812020459471012,0.387427116026725,1.62138381324977,0.669698354130123,1.05634309283479,0.86572927095345,0.500538019814228,0.697838141541593,0.534567025630113,1.14882271831609,0.489025668641596,0.628896978690832,0.782561807693102,0.694527773736361,0.819742326746441,0.674642283861738,0.348304232614063,0.297109149357216,0.926376364494027,0.872434959249584,0.94742821239931,0.463992602884613,0.897149163561402,0.748595389105387,0.629745179242716,0.35947992756857,0.433541492611191,0.798039394444988,1.04505511131587,0.781928827601095,0.716266584394095,0.891800667777191,0.920420404082311,0.248683702613396,0.776531721740039,0.778480885703336,0.749345538116458,0.515439004669235,0.753996892220572,0.540808097418352,0.741169257862266,0.55646098180628,0.623288880181497,0.917130574519157,0.522731910963487,0.542755328786966,0.855113665768443,0.645328907514061,0.302711910915131,1.15028624572577,0.796898079070422,0.652969198093525,0.495488714951073,1.04572473013899,0.595119111558958,0.496977423474502,0.60677917256499,0.951160371559012,0.824543542880996,0.50531293097045,0.854839022836593,1.05527972715128,1.04089768666783,0.804591952136078,0.427221807590843,0.301787576702431,0.760530092606952,0.419697760770371,0.676311538779333,0.514322384762599,0.978833799928062,0.754499413801938,0.379046970077106,1.16949896623391,0.794258193168897,0.853230954123107,0.933801867847586,0.604942623249102,1.17667749873328,0.66136512646235,0.581785860596089,0.75768054451599,1.14273314148789,0.281306420602283,0.924891581006412,0.635478513155049,0.688204288124304,1.00412004732052,0.384949051186549,0.943370385395347,0.928265353713104,0.534784904030574,1.12520224480361,0.532645372791473,0.431140494015497,0.976683173863342,0.929147648391051,0.184029281134077,1.02109713841998,0.752796277822228,0.819059182852587,0.431442234164365,0.96838210015793,0.878698330255867,0.751295940679087,0.581253590853492,0.443439670767631,1.02538057446833,1.15206146963474,0.760367731452512,0.963939789177343,0.942585876697364,0.448087331475985,0.867519243241498,0.129412249997056,0.760220330554101,0.807181983218621,1.09339746236478,1.19750454090485,0.87151602632819,0.567534033021319,0.846981728230606,1.00303126291968,0.643101476869519,1.02584142940735,0.910541580317636,0.859802321767533,0.793971805852541,0.536034237708776,0.518093009046468,0.972611139638889,0.705568261528027,0.616946272399382,1.13475424949628,0.567907057723372,0.686490700017702,1.0986838029339,1.41549878600664,0.848187638705064,0.483158748910659,1.11253235786075,1.04157476082403,1.00527243607216,0.578035728202011,0.792391941652505,0.611219854310376,0.868680243691317,0.773385321318621,0.261370630876147,0.585432682343324,0.624801180611508,0.944554072419023,0.9051401943502,0.890632417088345,0.515437195339771,0.909358150539009,0.494049941357645,1.02463943325442,0.587916957251321,0.642502034877052,0.599553435597028,1.08071325457623,0.918088374752107,0.998863917615662,0.580653900073369,0.660162822705531,0.594815158424331,0.837631736152631,0.852269845130098,0.676364811185543,0.52757670474312,0.443364660085638,1.26048086090619,0.849437543236148,0.756285348857269,0.659313296711101,1.03920837576463,0.346846159489634,0.901447042372707,1.20840727183777,0.538704056913434,0.659330229524987,0.603991778454053,0.935084059719884,0.548216190608334,0.419749129677706,0.872464718007246,0.434829526395208,0.471496255777677,1.26665508184423,0.951720942893452,0.769204910732389,0.692385222046392,0.968999419828041,0.702876000045291,0.880827510203692,0.736688123016366,0.857692092045178,0.749504315571329,0.776778811776198,0.966515083065003,0.495204714322622,0.943910941939895,0.646036851559408,0.603203696356419
0.547722938262069,0.736280733352411,0.884255729164819,1.09271693983149,1.02133367270515,1.0381754947727,0.890854513566675,1.29112401292078,1.12178502682411,0.868537027894097,1.53822377860129,0.847653864112709,0.666069501859544,1.24083374172035,1.03851403683797,0.953057504667805,0.559725080055753,0.950241383141306,1.10006771060589,1.02331757444989,0.971312532790895,1.03238045701176,0.96063918046445,0.616358814343517,0.814786495908629,0.893988837910308,0.951780937254864,0.768651251806094,1.06386234248382,0.723576270863675,0.925078130452084,1.01553044181942,1.07328577847011,0.915914906067451,0.799677024175986,0.885598885777305,0.793759220199678,0.972424730272237,0.471224068683587,1.85169269715542,1.02345448693589,0.774484591219616,0.543499694157468,0.918104087445778,1.02562021489485,0.936002687114724,0.627309138863576,0.848129375344294,0.871966723784984,0.55109732971355,1.1731437645218,0.775626028873924,1.10265951122459,0.823267595301103,0.893467008665129,0.820414603665523,0.566086189695487,1.0163973553933,0.994784118706118,0.49869245775039,0.961407387159024,0.844253630583137,0.98847927261123,1.11970482619311,1.03418721944647,0.983996525747111,1.12098446307924,0.941827365405255,0.864426263594811,1.16265482469863,0.571344231238836,0.998636148556201,0.812207193556191,0.893691095381252,1.19134252112367,0.737877418747028,0.946877691558736,0.986902465577755,1.06080940443393,1.00750659589593,1.28287832681625,0.887033258725978,0.62418283502583,0.804690997076511,0.871376473658051,0.640149947393833,1.18417091655531,1.8512879449566,0.792392816255652,0.765784100149522,1.07610304660162,1.077397415275,1.15958898768628,0.649935862004497,0.891023695101397,1.03598176840142,1.03206467061316,0.589127098016054,0.955265242725339,0.965049329901768,0.862398641990213,0.751278766323656,0.788120568598743,1.05743553060834,0.907703841991845,0.753854300037341,1.00421080299528,1.21618247831092,0.931039534619307,0.78581806426324,0.98370433320509,0.938983402824827,0.99813679537471,0.73294131002818,1.00124229675637,0.401053079618616,0.578333648834497,1.00545733558872,1.11311014695389,0.427585581564375,0.884857952076137,1.00679111229898,0.948901843403386,0.921188005360961,0.512487621177648,0.563125564992235,1.14829543289342,0.86969562302913,0.486184595447761,1.22949033292385,0.71934143164473,0.867585439978587,0.44423742144379,0.682227885729565,0.741159855579571,1.03908002029306,0.789077633336126,0.730247513099912,1.08827162377814,0.530346837026888,0.730970540923202,0.890313818487179,0.782159801575024,1.06686143963287,0.664981790209739,0.895961157197685,0.860454117817385,0.851361632683772,0.745843685577897,1.12555443137777,1.05292590880825,1.09732242599674,0.939575453187835,0.653861271926873,0.881031017111882,1.1672941973683,1.01227350737086,0.901785147640371,0.943769356045748,0.769472470271787,0.588030659379004,0.90167480332684,0.380843637158209,0.921251442564273,0.88797930298405,0.293717091227852,0.717734556913656,0.448461741732938,0.486044461379055,1.05472051973641,0.951756189028225,0.974685063107132,0.861495084756106,0.803552463246702,1.09446195093245,0.889336127380417,0.975619750237956,1.18530002491233,1.31213549865866,0.97643053758294,1.05420468921769,1.26156038992939,1.23622588102996,0.778676773832636,0.567681592722644,0.921621460169867,0.86034877511725,0.815545775837861,0.833227645248534,1.01545765980896,0.844892535783993,0.617831312492235,0.825315514474094,0.814526734082142,0.331861951187821,1.16576327030221,0.974237258649846,0.75553467691659,0.809312361035828,0.648339164672654,0.889229535844618,0.98965780071167,1.26063654290243,0.889719490691601,1.01955564589613,0.734807867747802,0.781177406719761,0.619419005640888,0.697047421796416,0.83575818494621,0.898284717914209,1.16207312549165,0.97355945796144,0.751899168675942,0.885711301063934,0.886613070151972,0.678554119928084,1.21939093798645,1.06545099435593,1.22080773492374,0.864822031155792,0.979799466240372,0.626401240551444,1.02970788823883,0.770596305163888,1.03727740500285,0.903885145217725,0.919921763512283,1.27343387417529,0.914176625227946,0.932902723484211,0.404338888251667,0.827642575737046,0.925744034557228,0.938974994583999,0.986591445727688,0.956466269542824,0.970351858075439,0.663493928946297,0.93240791943057,0.747669356836881,0.908315522489676,0.873009678031589,0.543297663185956,1.13402073600631,0.979821541090682,1.06279918598184,0.997407986679455,0.440024810656934,0.773642168355403,0.73202226694002,0.468302163372208,1.16624679682651,0.980448086357257,0.786496751481837,0.960207688549875,0.91357982920922,1.20222400360189,0.466838786827732,1.01278824316215,0.646523189402061,1.3550665297631,0.725836403974297,0.639797211400264,1.04148702596867,0.719020798895198,0.845188492859746,0.71328080348181,1.19223812857033,1.13220132641217,0.822401832380222,0.978281073714055,0.948566634902037,0.810210031153548,0.722442233654256,0.548304073998476,0.463085097406795,0.858097287762032,0.928146216571044,1.05407195475796,0.849008499547527,0.881262799158094,0.968697825239337,0.676464078872126,0.481793249547966,0.659042586347845,0.855695822223252,1.28206293386665,0.777834687967848,0.980987143762899,0.672652496683334,0.815428896461973,0.294863970484294,0.94134047161484,0.855638112830573,1.01289592496825,0.706429464174766,0.969969142772272,0.640373137533137,0.902267646519559,0.946270934656056,0.836265008442015,1.07412165997363,0.663793322803756,0.785354258088803,0.868644543407044,0.657600569785567,0.474590643744034,1.38875657231573,0.868328654957079,0.876634252866622,0.424431475902564,0.802534125537203,1.00849735153383,0.911807512833872,0.777925387249993,1.13330272731669,0.914104170525886,0.702680758217402,0.935652537036078,1.19006414833852,0.997604064436385,0.952787675307719,0.717313173107077,0.558842000897097,0.878970056813017,0.645703641786943,0.797887800749241,1.01796597600608,0.995298103006191,0.645914260572807,0.549282246717919,1.17710047158615,1.01236806429683,0.974565853730069,1.36886692327569,0.83672064702845,1.40312076977754,0.912440396102188,0.779142012194677,0.911522723872626,1.10962657491636,0.533378847289877,1.07219604014282,0.922207081844226,0.871085244034281,1.09648376798144,0.417117270472441,1.30198265614247,1.00194954176201,0.575053373531262,1.17756046129732,0.761496917839046,0.588210557914343,0.981721303706807,1.03524448554849,0.415846357096712,1.00032261453255,1.02049833282875,0.858552001883209,0.865393982227665,0.865282536155006,1.04721463465365,1.02863134095887,0.751246659351417,0.853085987902751,1.05157768590564,1.13918323048702,0.977507394507581,1.17320188586799,1.03467254712417,0.719222936739653,0.995157517958399,0.298532434671469,0.749456190747095,0.967210858395328,1.26856494768896,1.21007330421151,1.24256397237534,0.77412410565191,0.983950222582894,0.92773498122814,0.739094986226329,0.966757456654935,1.10093561248348,0.915789306613524,0.934782663948827,0.689363585475807,0.603013805781939,0.939240532446657,0.875279711981349,0.778584795252993,0.994924430852253,0.711335661370252,0.94578352877646,0.982870241529409,1.71414473644479,0.85503590488945,0.485268274808308,1.49377016846631,1.06892370045497,0.870084805304477,0.737423492020114,0.840273868896787,0.706473944825471,0.945191647323321,0.850929947815233,0.614621850944261,0.661244991259099,0.844122169199036,0.990404001532937,0.977597961979882,0.900495771244366,0.903754398555876,0.854445182290584,0.688632713584857,1.04030579603659,0.824196402991307,0.81269729272595,0.811875002485234,1.06483920430572,1.12389743423976,1.18761095645364,0.819069813477199,0.97567666308942,1.00106820195111,0.84494486756915,1.07444226857257,1.0452768682106,0.763576379386283,0.786779971256563,1.252513386201,0.916019618318191,0.708860662917341,0.782653151308409,1.01636069222309,0.61819896153652,0.928321932889086,1.16825467285305,0.872773539128284,0.939244046302695,0.929356082478228,0.968145156375704,0.739613466418429,0.787496119367465,1.04635830008648,0.502132205337566,0.649280120259118,0.86234798744483,0.982800682249279,0.916634647218063,0.974406202234749,0.982211484077416,0.722161588049453,0.874576724381486,0.789262006992679,0.994853713837587,0.9288799535475,1.01494216744353,1.2083476220648,0.731710895690325,1.13864103700679,0.962429179732034,0.856175684644808
1.25802588209054,0.885106671142586,0.876739688833141,1.45289400605537,0.885437339041872,1.25151096153877,1.04120038331719,0.775519108524262,0.801978468345834,1.03836753646722,1.15765841816762,0.739837381864727,1.18365474900581,1.01459827738174,0.895404420095934,1.01341890779886,1.28911346119828,0.745330533500837,1.11170064195414,0.819511128420971,0.67294177579909,0.587421464851215,0.795810609305659,0.790807155624101,0.70942565508179,1.25481185671715,0.780286700006982,0.895201232411154,0.894805959620874,0.935571311510848,0.619521473910156,1.17499747285068,0.87339901542553,0.61657012048329,0.71920092577351,0.648156172475568,0.605432459144234,0.765850887305709,0.942300483053575,1.98901060375067,0.909864560570349,1.01632724182888,1.05522811804204,0.820243984089886,0.898917448160266,0.946840348750965,0.745115783137675,0.836086608921704,0.831521035587792,1.09640568059296,0.779456441889926,1.17174684904399,0.773665430828046,0.67951202771157,0.900661056069812,0.748463300119278,0.879797141387389,0.839708538759261,0.847031852675255,1.1670171951863,1.06097285810344,0.834483999748065,0.748519213754376,0.833234608352571,0.798661887793019,0.991132288226602,1.64043154609882,0.842914206249799,1.16096801756278,1.11299336683177,1.06626094014334,0.866208996309257,0.662812943252491,0.940696772455581,0.894149649786695,0.765226908932023,0.749252673697485,0.773269786531921,1.04903216038467,0.822546098464623,1.36616430553995,1.1068855798519,0.85612027309503,1.096481476707,1.06045803306873,0.663338781414335,0.879058533552863,1.14743207197887,0.641046439011904,1.72367399351716,1.22755538431454,0.732892803364378,0.817027021878805,0.56858981241206,0.744383446866171,0.888188344524766,0.947469502076776,1.1649099275572,0.788471505828356,0.78572523628927,0.867420638577711,0.613234089753217,0.738897482153421,1.05492551525623,0.883676499387705,0.514367647363868,0.787939907073855,1.35227320449783,0.940789440842425,0.732200846371965,0.935206912946606,1.25096906572772,0.795717770185344,0.880960796794498,0.95128109519736,0.756195203008473,1.42400041353583,0.937264935091662,0.937357161844228,1.12597613523135,0.837609910903307,1.00513090426069,0.668879004439459,0.908686766727804,1.2485151307799,1.07668050409727,1.07273944951529,0.808958672658486,1.51350898478046,0.802112297228894,0.629983469018619,0.889596543661896,1.30096796317003,0.870752324706036,1.40305180890059,0.811653875920039,0.944660732451517,0.563935770823386,0.689343463701834,1.03641769592256,1.0014250353025,0.930340990720109,1.05293380949261,0.911670843323161,0.792568370649095,0.96690888417943,0.933473162367743,0.724496444875311,0.735695358906793,0.906035884885117,0.857914895460151,0.964833445298556,0.828877341519255,1.02553366561781,0.547931457440605,1.11693125428973,1.0549755015519,1.26517245743553,0.790486588709693,0.762941512321016,1.03194335285525,0.881927690256446,1.28954405005187,0.79801053670651,0.73794445968273,0.462097690363571,0.55786565024652,1.01104818127328,0.720740645368262,0.647420121697292,0.799939343141677,0.808508784678519,1.09940047728626,0.632655739094561,0.743626649156446,0.771085134866976,1.08037194023168,0.766382941798817,0.96349632980912,0.727014521797637,0.83251203365971,0.809711511042372,0.807241277823981,0.507132564444859,1.42226208708183,0.511647350697272,0.667296875481532,0.639726511022693,1.0082757521996,0.737496430235203,1.37471122623111,1.41428471171087,0.685624249942304,0.905812272959568,0.906419509900372,0.975573987625159,0.770673770287799,0.981439994013761,0.788950433505527,1.12502768129569,0.674041831876684,0.961966023562716,0.974992291801701,0.813754486457115,1.10057616112541,0.948576877956023,0.633320975007163,0.851987727609634,0.765996435201669,0.720753451756205,0.653339214708782,0.86665307145716,0.918402090015159,0.597876356842377,0.782721767357129,1.31703830208334,0.902497369045404,0.922524325602462,1.0014816934927,1.17140139125338,1.43551489138625,0.802117381848785,0.769882431493583,0.840473951280121,0.843937639123948,0.952794172858772,0.788611816115264,1.08675965855487,0.961859948154727,0.838676302319714,0.681804912213729,0.505657558897864,0.88064999272716,0.724959893145568,0.794872270637807,0.998172587940166,1.14877680367559,0.850435402518773,1.12742765919295,0.684845586323019,0.752413722620766,0.752786250268326,0.779085614677167,1.29329064221828,0.727371518535721,0.91036056829387,0.884541354443064,1.07484815253334,1.18041386737435,0.593346582633393,0.65181184301791,0.929735599554294,0.782315712802472,0.805970580027746,0.876108536363134,1.08285028929714,1.77261254282325,0.583658302637749,1.3916654227116,1.11065336287465,0.696775920699811,1.15904643119705,0.652771641030669,0.815773079818436,1.41911958891611,1.25768653494148,0.926815368442884,0.951664662458041,0.824396265630094,0.653952510505367,0.539243635127701,1.31666640955238,0.988623608281582,0.769730823092568,0.745988442265512,0.928323765887226,0.716645341827543,1.03760877017386,0.949514735910544,1.03546402725849,0.894432381716491,0.796533190289726,0.851036668939676,0.561484911536378,1.18706679451772,0.724962053656367,0.711616382318115,0.571805244700111,0.960824004770097,1.45880179811083,1.00456655923987,0.833362711764629,1.02303630602848,0.634509096968806,0.687536849372686,0.731195672977168,0.968282273689587,0.856926757121062,0.590906461143261,0.650800332481104,1.81388090043445,0.948139845417043,0.813763683690297,1.33263532879555,0.93774448851687,0.700184420199566,1.01680299437553,0.697390698274656,1.60466800748892,0.571520212032024,0.902375182319717,1.06079442956952,1.18766024553158,1.482355610158,1.3525657183075,1.1165305340974,1.48060066442614,0.847233099667441,1.06879327151254,0.793368010232225,0.85252955595811,0.905202999718629,0.885355177752556,1.33891146875082,1.11276955633071,0.591970213265929,0.662703871090234,0.884629984790415,0.850226827587164,0.933776341635434,0.798033656068,0.920289489832813,0.869479172908755,0.956599482970382,0.826005065948544,0.756132213761525,0.809066251630783,0.664728416902637,0.624437836515338,0.684891683337573,0.949287888218302,1.02600457808111,0.809669370774726,0.513099043049728,0.773827091283354,0.914452603506521,0.693961605873159,1.55465750693887,0.818090948272399,0.846783000903101,1.19462333707491,1.05254235434221,1.10078529386344,1.11915285120046,0.858980597864614,1.0807652335506,0.575267579566863,0.757254021120832,0.827994154775587,0.944614776966255,0.802602340593351,0.808850088073197,1.08177274950735,0.67427975247149,0.827544542901867,1.32693973554732,1.09279347918838,1.06822608731174,1.21111604636742,0.955589992099605,1.00112652228735,0.829457394348012,0.924730487275103,0.428947066853806,1.27276938984163,0.890996848212335,1.00452529031846,1.08363434649909,1.48414839854231,0.821509117000395,0.794812634254595,0.85843631417225,0.607765142091222,0.924849470884931,1.25346141701867,0.922735823073423,0.978443764458134,1.08337980011765,1.0528470101971,0.814096471910051,1.09922596184423,0.71447177823115,0.969833652949629,0.797434645010338,0.579234706054566,1.09818230366441,1.31809572319263,0.90869788743857,0.993962545423209,0.820563149237493,0.79706676643581,0.776452313140042,0.50796404271465,0.791661394484855,0.735386204594198,0.838287462810857,0.795360230979496,0.858214053190412,1.42288015648878,0.884703571015652,0.81033483804709,1.12160109898262,0.741095762472012,0.652484007351406,0.694532211789913,0.534024406437494,0.741603919628084,1.38553739696564,0.927786533339352,0.858530059920136,0.938006276223807,0.717770380460329,0.722260211662768,0.575965448256635,1.05270428541042,1.78493115447186,0.935412330692204,0.945757379539551,1.05175142420961,1.18934343165162,0.798524944243443,0.931807264849987,0.732755777089701,1.19412515540747,0.706336014462818,0.88851861749502,0.63218408705836,1.05626594056878,1.06283843964669,0.765165650645566,1.03403635567399,1.09557511258618,0.90274486997305,0.972696846537321,0.751492442880387,0.773782187938866,0.986537163489398,1.04925704204831,0.838912847598214,0.921851868793174,0.73515713840027,0.689758214715095,0.786487240267403,0.831711876106906,0.839021249013553,0.789655835314384,1.15115826066581,1.04177179205493,0.963887568382903,0.861099364615091,0.823371321291842,0.934032381218307,1.03491856624606,1.02882054472142
1.39736848321256,1.11185422011024,0.854372090810494,0.938670669896583,1.18797039754885,1.15017087214761,1.45436586037853,1.3961465715195,1.19169608082635,1.24198348183529,1.42891926928811,0.887408987587131,1.49772220172976,1.31382957420217,1.28007089049657,1.3168028312411,1.2846209342823,0.880990101180171,0.932160780714441,0.800097159632182,0.917878002543878,1.23926572117308,1.70977075062444,1.00581758868978,0.97894568691482,1.35336967285265,0.630974738834345,1.00411414383752,1.19351862283835,1.30665229411589,1.251582726407,1.24342864070622,1.03917453881343,0.578760451557171,0.877932965705233,0.697931127011525,0.682881217965477,0.931018996284076,1.04219426085072,1.59028196664657,1.09502785333956,1.12527052080937,1.31636405464959,1.07614474144871,1.30632229048406,0.859573062690047,1.03244663730468,1.63294009912396,1.82030627250032,1.83162694316529,0.919263423321066,1.07328829557855,0.875279745096287,0.989020572885104,1.19256048898601,1.32030627250032,1.01174581543418,0.57558010539059,1.31999630026671,0.68419154822155,0.765326496303883,0.901116224149904,0.861907052590415,1.2671954205955,1.4025165946923,1.1820237984616,1.62143121762043,1.34602181292575,1.29992241619095,1.39986696648889,1.1923250287829,1.31923941573508,1.14325360130544,1.26928525344702,1.43061904155282,1.53326336547763,0.714810857105224,1.07266828564988,1.16478906074432,0.915289489832812,1.69320571575127,1.10355673091026,1.01273455127672,1.18061065307839,1.2896575828325,1.21660851097957,1.38982903031928,1.89300264112843,0.986542471394109,1.52245355735063,1.63233028875416,1.02737627882105,1.57602605775974,0.978415415691493,0.943767513661659,1.22188329391786,1.14156867121182,1.50030771062953,1.25525102454046,1.03484864023708,0.909379227473827,1.17627461425125,0.802057135667647,1.32995194316529,1.01408567975915,0.647801675637141,1.16678100819871,1.29367762303125,0.991208797925075,1.13797990326918,1.17700836305533,1.59369108610639,0.911415634966142,1.2018609650674,0.971618422365488,1.62012486687584,1.47578147911189,1.09011624790737,1.31187534024567,0.689737135701916,1.05529041791377,1.03086645098595,0.972344012637491,1.03716445271279,1.73986378412119,1.47832807216205,1.17335571614849,1.13771108261516,1.23896876895134,1.36454691224351,0.751145616393652,1.01219624114534,1.42894484929103,1.07019091340283,0.623944311320283,1.16700711365818,0.983715637308457,0.655252763164109,1.17966841872382,1.74780259476775,1.25471362954117,1.06904214710695,0.882265132087796,1.22379313665949,1.1043530821526,0.95168887313826,1.01830059252728,0.773183718539019,0.915547485535797,1.03289605106934,1.53521965625346,1.39957674688761,1.10630606388249,1.3640658630249,0.720755029554808,1.24136432967352,1.12515120180681,1.59276372013992,1.03758504890417,1.36576081795487,0.992106593473731,0.880342736092221,0.767022250631914,1.23013282699943,0.969697159632183,2.37450975188595,0.933055746258005,1.33879546617166,0.825028436030871,0.851807231065128,0.873177332406946,1.19765085424331,1.5438566210264,1.32502941415969,1.59433409617114,0.973579741165086,1.47090871406204,1.16485819514672,1.36874849904689,0.913894436072882,1.23740315885254,1.11198078741136,1.19619272468587,0.805984622397996,1.77953930642203,0.434839865039946,0.892117093840694,1.08656316633793,0.958404604764979,0.886478311691947,1.47690349889056,1.01411669794542,1.01887889557953,1.17487973216533,0.854709080246238,1.3663668749746,1.17256660531461,0.89468643778958,0.515961804656532,0.830356462180631,0.752193386349418,1.22395194316529,1.58815190224307,1.28204735880307,0.997928419531559,0.851073283727978,0.865189628358613,1.03245748423211,0.987489659429008,0.842633753687415,0.714500065731479,0.776624743145121,1.14857859911655,0.770467013558265,1.04416162823747,1.59947549291777,1.08199956698793,0.962123721584375,1.22949789069844,1.27605873976148,0.994902758445907,1.50465614774916,1.76233866676497,1.04100270636515,0.870898663930418,1.14309664557321,0.930701458810703,1.68081725903803,1.7800936701254,1.02541973454625,0.66635393345004,0.997545531687679,0.7871954205955,0.850225177294247,1.30986237105422,1.25096621214127,1.07089763085591,0.983835685977112,1.236480461824,1.111346373121,0.902425102572701,1.21316507937499,0.839391499276358,1.84397336700705,0.768964091064369,0.975887053621857,0.99072721055994,1.01216622856412,1.41897890573034,0.718807633498265,0.956644667174029,1.09809715963218,1.14844257451251,1.10615622609869,1.18124849699763,0.798014811221242,1.87818165250818,1.08893691230976,1.45972660555843,1.02569440878889,1.31884582760014,1.33253725564606,0.855534242739255,1.03696499623085,0.769432392394376,0.835962242382947,1.3744640409735,1.0496196565253,1.21111950878665,0.752583327015206,0.627057111861202,1.06053833692693,1.50832136620673,1.67239643512634,1.4783954205955,1.84131369707079,1.05697601048366,1.46129715963218,1.12124283621509,1.01434911113898,1.08332151113145,0.981166411659191,1.23084308488359,0.682831160656768,1.22859056220265,0.636990214799407,0.790780155396029,1.47499377517031,0.907019362644794,0.720087544229083,0.818140183791967,0.809305714747442,0.518336707592951,0.775446980783989,1.448938882865,0.704152967644891,1.29655232483677,1.06306039698971,1.16630401058927,0.567441301313811,0.588583287720647,1.09763006918225,1.05880181501256,1.56188420991236,1.29205718329264,0.800755780359418,1.12198631925471,1.08866546370246,1.004615211095,0.734497536795105,1.06072204854389,1.727691148544,1.33120109778136,0.949426260606008,1.24467623200072,1.41246581216712,1.67842906951087,1.65912415089877,1.28603279876271,0.886003850289929,1.17439997827518,1.10351706151238,1.18507720341838,1.0955981872601,1.47778503671115,0.716883447660072,1.63535155184088,0.666612020670987,0.703514884969316,1.12537797983274,1.38930239753069,1.48613858200168,1.31923941573508,1.24835459425596,0.753396489658682,1.65539621159202,1.02505516623011,1.43119909428957,0.670108013459388,1.83477318174085,1.31426443882783,0.850824222104984,1.8244616969987,0.990646461993412,1.1423954205955,0.967005761640226,0.96790852034346,2.34482895732956,0.851529037720887,0.92170137547264,1.752265624502,1.45969715963218,1.61089138476786,1.38986520140806,1.11581395935796,0.976028379906414,0.399093276703166,1.20648879791796,0.858109024107152,0.934276089785137,1.21900527624114,0.885925618911629,0.984774253524115,1.01516728866657,1.20513068811337,1.33994609860497,1.20120556943205,1.26938633442536,1.21774479510158,1.35700823983281,1.44997624048998,1.55577975160216,1.17153867228577,2.16872743896078,1.18219103502443,1.60286827258505,1.86648959531151,1.09524380732818,1.22598179511207,0.929260765609309,0.829056373196338,1.06254881460585,0.700545600258559,1.07338455076852,1.56008686653499,1.16846472327301,1.18844037112653,1.08578826169335,1.75991960344691,1.17657762946433,1.08683825900241,0.935841496847793,1.18994690749872,1.09128740917076,0.83270879646448,1.23659067898715,1.83441235358148,1.24086591039992,1.62877448075556,1.14255319793142,1.0367019156932,1.02037902250323,0.537501627477757,1.00681462884819,0.975349886903995,0.798612851293546,0.871458125178764,1.68005168439765,1.20815411970823,0.789198603661015,1.00631514070191,0.810584519001461,0.978676370645979,0.829720083553193,0.991057203405164,0.581132858487619,1.1631038769624,1.60523825900241,1.41493574663349,1.44397336700705,0.920826022626946,1.0526456835264,0.958833415912009,0.532666811192659,1.52125254159873,0.558617690114404,1.23828142752021,0.848008429301918,1.53156660307884,1.33294568066165,0.813552928685062,1.33564327027976,1.52628785552128,0.672396435126342,0.85417539468732,1.27866482035515,0.894839275367033,1.00077053597005,1.15474016153237,1.03927948945603,0.877491851115948,0.974477026907691,1.07532643694672,1.64297270150178,0.657399947847617,1.02408594842777,1.53604301306948,1.13645032689495,1.19533311363423,1.33219013135926,0.914304375010856,1.25647695438755,1.07270425296698,1.0179445154073,1.04222335765329,1.51980167783856,1.29390311714959,1.97323825900241,1.62169092373625,1.01097297863777,1.13107365860498,1.31602916046262,1.54934396540331,1.22728077672194
1.40727909110781,1.19886100023173,0.698201634118613,1.44538201923619,1.16673582964761,1.35175608946972,1.09258305046405,0.618356351855773,1.0126456835264,1.5379488682106,0.551116224149906,0.592461487810485,1.24257793611943,1.02588103667181,1.32381308629374,0.254097385718483,1.0727287135121,0.861723640773395,1.48093116418796,0.923927070020278,0.398240013793005,0.527687418889841,0.466822037032713,0.567531453539649,0.830681513646848,1.34001085427894,0.450953532279601,1.0095535720232,0.853572499868645,1.04844221932727,0.509946232963439,1.43684814812403,0.860913319106993,0.950011852641361,0.859749465520507,0.894401822202862,0.817922820429919,1.06690901519532,1.35684408648373,0.687643359090236,0.607108718069058,0.887740875392316,1.31232583548817,0.688298594528139,0.720289489832808,0.745028640706222,1.09247215667538,0.834638293292734,1.10382245384327,1.36402484606889,0.662455873968961,0.512710599449223,0.837664538568919,0.700424584604103,1.14396989600446,0.534678574240013,0.438547355599942,0.770049807797211,0.840607654419661,0.424062831985981,1.40965696664657,0.606226121460067,1.19411377080866,0.760291424787812,0.599133858185987,1.35063597234067,0.948238377790051,1.39778196664657,1.30723299406064,1.52509229438173,0.479559422075476,0.629679179889848,0.900280844788514,0.425076436715707,0.556592379937596,0.617369508786649,0.742216334870054,0.75788757281723,0.826960759119345,1.14485548706487,1.1250080115701,1.32893588436995,0.860598897765159,0.911260562088999,1.46060307435944,0.321665099253689,0.903809667872584,1.03257127869021,0.447664646605143,1.78055258764554,1.68449629907482,0.606490136472702,0.466148020952108,0.521519567624573,0.488765666399602,1.03096137865481,0.845555685630283,1.32230820768686,1.06062527339754,1.11422414930641,0.865214867148554,0.589813406017252,0.873221207115209,1.73268507858645,0.712539843550366,0.954644757748187,0.698974450182399,1.05940671017504,1.1968288682106,0.585859921554911,1.29872442849156,1.65618532853697,1.03675475037549,1.09705900168617,1.14465696664657,2.09827218280675,1.50749339287205,0.784935336304983,1.49777709031617,0.704809177764364,0.60118401984318,1.5196347546968,0.581173367678948,1.32830700878665,1.62197930165623,1.44372394478491,1.41989168872893,0.706790913954585,0.973838171106567,0.314797916878821,0.721949450344858,1.2032336291477,1.22298895715073,1.13577544649905,0.55863710529888,0.944818968208103,1.29312856423908,1.18850548861334,0.333628720568171,0.777430307412879,0.934025180525839,0.690387680265547,1.32499118498975,0.968587748282432,0.748493913523985,1.20969715963218,1.03696935803682,0.960794600671913,1.14465696664657,1.00943038680658,0.901567038576489,1.3219448134228,1.04778196664657,0.8369314698529,0.712632853885062,0.614096684205598,1.05790688028459,1.1233737472616,0.565812707801838,0.685621832934642,1.10942046020586,0.768705514246501,1.0342839939853,1.13912415089878,0.986016966320883,1.24413702710982,0.798739433526393,1.57059403084438,0.568414489832811,0.834082021171904,1.08815844997182,1.27186238884511,1.38393026412743,0.699295029175941,1.05257274906842,0.905552539335304,1.25535624690432,0.629820680661649,0.503147072038207,0.720532474905617,1.07795570224834,0.77890709892596,1.59515185625756,0.545516631360707,0.578062626058922,1.38493519186038,0.509862087262172,0.644284127266804,1.66965696664657,0.970782069995424,0.840832050772043,1.51047077663264,0.992318048929488,0.607008239832811,0.778871375644161,1.46074472957162,0.483086805070818,1.66521331997687,0.480435287720889,0.711119508786649,0.759163496877132,1.09012486687584,1.49617319837328,0.652627236703078,0.722023528710035,1.62725105015479,0.615668624762282,1.72115305664998,0.614628159481689,1.40024870683377,0.620408251127093,0.688362277161146,0.863518870149212,0.883213870772234,0.932597261634969,1.53830988798351,0.815699176605329,0.888925364818766,1.26396110723093,1.09669772714164,1.32778176739474,0.493050645453215,2.0113302923866,0.641240938528074,0.687109123361899,0.898229827385031,0.921137903427424,0.402934461445285,1.73325750109588,0.738166427847516,0.999661304469594,1.6856126329522,1.08315900335191,0.964400321789669,0.687610036798062,1.58853479340216,1.3637407050059,1.33108700509565,1.18149535717512,0.839513159532019,0.640282163972764,0.46809564633137,0.757899278204521,1.83245748423211,0.605759696423903,1.05804042563537,1.33955532481501,1.03238973574006,1.04170394753344,1.45467970645433,0.910984861653093,1.83975180702717,0.882641384972727,0.87425409353708,0.850602805226453,1.34465696664657,1.80667750597761,0.436320173956038,1.59812283051732,0.875333812945964,0.497386240940992,0.896511828585859,0.899995400554245,0.735655812247405,1.7128682559714,1.51057981262514,1.36072089721657,0.512101977111296,0.424334171916263,0.440577143687608,0.782600343308753,0.998042398872922,0.848707600121707,0.861240164036198,0.767275298072429,1.19569908486287,0.470702379515855,0.939027973019224,0.825301506716214,1.29141765694751,0.900881587952685,0.761021581385722,1.99834577440348,0.750712271047839,1.09567414233591,0.621712897215411,1.0603330301018,0.653301113087931,1.32145572350093,2.04404785474918,1.56371699811168,1.1140895490974,0.810914489832811,0.807982073525035,0.520040193446768,1.09177793141578,0.892817760968836,1.00734568691482,0.392457484232105,0.836446151892897,0.691802397530696,1.39408403739258,0.617285331244378,1.38801303978766,0.870713719661958,0.644705736700233,1.40682267705601,0.839841982571478,1.02370892135368,0.541722133895325,1.178626542961,1.15699993629498,0.924888852687761,1.84190754559341,1.39351233377506,1.42980243618392,1.20681237216566,0.602494146458331,1.34161946396338,0.970144219086192,0.741659755711179,1.17626326817188,0.683086861125347,1.42291586468977,1.30938144310448,0.827007591911226,0.480471741959053,0.991431970984558,0.66318631719578,0.704161306335718,1.06443825900241,1.36930239753069,0.661752609288521,1.97329715963218,1.12626862105422,0.348292693463729,1.08043825900241,0.748907074299801,0.856215524293128,0.555942824300286,1.28396668306023,0.939399197872999,1.19963733723816,1.1839113809187,1.111346373121,1.149596908591,1.07380835252238,0.972692544353598,0.680593978955537,0.980942575895053,1.2646329784674,1.15759076131267,1.43793722629122,1.84360203624182,0.491188393619824,1.03289034872898,0.36493452040274,0.577811299533172,1.18931931926987,1.13233433784846,0.390952868874228,1.07097343632581,0.815410970689311,0.952632666089492,0.7825192813425,1.42043953335132,1.36343566900716,1.5805799479154,1.50684868206232,0.963497310725074,0.684481621026397,0.958653735771161,1.0123953966601,1.34923825900241,1.20579312624044,0.797545572577979,0.528977437478124,1.41535956521137,1.14321723487914,0.919826599660625,0.823547816675497,0.808648548209767,0.632732868210601,0.970003834727455,1.21121521641023,1.63415766252639,0.683735861805678,1.29578337141107,1.46604451270628,0.446641863485354,0.93316312966312,0.780179407449284,0.9937829459939,0.758240223647587,0.448288375554436,1.32678285099305,0.670059487108085,1.19606692528631,0.938259282829404,0.896264192689714,0.66573366382961,0.978897008447943,0.915781474652184,0.577195685196527,0.721346373120992,0.937775449006103,1.18840746164645,1.90989641888985,1.01505316776692,0.793158079222646,0.773370798167155,1.66743720263671,0.764746782093712,0.52940979992806,0.840280182281135,0.750262201104544,0.615607573261204,0.7843581336379,0.735004950785738,0.941067029517379,1.21385830157936,0.815420289567024,1.28749294903535,0.648499953536157,0.991066820887041,1.489513610265,1.23135685301999,0.823935845532424,1.00841448983281,1.08454474232071,0.403467429525117,0.561626270992293,1.25609517379687,1.41697653328266,0.766413873767408,1.12334449550205,1.53676859616389,0.955841566560269,0.87546745069999,0.264609794592365,0.548070085053813,0.978293808617568,1.10305548041984,0.73618878499582,0.82262218969238,0.914478042708233,0.511466485599327,0.928490643620953,0.903565203741744,0.799398133331556,0.642230836562717,0.615804226738002,1.09357249986864,1.7022105925831,0.896340000941016,0.931276461259027,1.32301380551911,1.36587151847923,0.679281223908399,1.1899634271025,1.36950672475472,1.33770108200168,0.805055440994841,0.797816262825588
0.537626034631792,0.528290493806678,0.722303514134815,1.74979985306742,1.04249110367539,0.728669220645059,1.51913991342935,1.10638639003443,0.989115471305102,1.10424687080047,1.65805559444709,0.539310636236543,0.85695011000764,0.66907596950361,0.66370329564726,1.37669898513944,0.960535045783956,0.684778001842692,0.700542938906099,1.0442699522254,0.789566033891851,0.943670872591435,1.59585252061502,1.0329330110282,0.757866839854582,0.673171620889666,0.506656262799487,0.752136652056276,1.03802190186041,1.41277188681737,1.15013402340959,0.539085030720994,1.56599701004759,1.52305596121059,0.556369977907483,0.556883843347037,0.541087535942034,0.859719821459943,1.44520058170255,2.28984144537426,0.696695388579175,0.584637707188308,1.32813995139611,0.978030377778856,1.16415655424107,0.54357149205497,0.841880730123753,1.64058555392979,0.99643144480124,0.439225225152356,1.38465451118451,0.911260562088999,1.14356746778499,0.845262245725769,0.895264104047758,1.03588217023278,1.25641377044378,0.328463549110627,0.955442884610051,0.510525090548266,1.41616556617023,0.61086745649381,1.03741868428261,1.14417515271693,1.22298188341697,0.759786871363862,1.66851595926503,0.991481864852036,1.45204741641777,1.2992439507685,1.66842979727304,1.1279334884131,0.851561635719901,0.745867609678951,1.37050788977274,1.34836175833767,0.531780319545391,0.61796613402203,0.607883887187918,0.915115841894456,0.766009960881006,1.23678038623507,0.316368063698254,1.05920573445687,1.21736247154724,0.576472580117872,1.22055127500569,1.49986007302861,0.87814997257274,2.02618481279823,1.4099228596143,0.915984269055786,1.54866239779789,0.764238842629684,1.23870926715923,0.975362644419977,1.1618323918513,1.05890843998075,0.905440190255594,0.818200775580562,0.573922828786277,0.865567399436533,0.803751368507093,0.832001328815517,0.528339086595866,0.647647446975835,1.06453563397721,0.566123997998897,1.23783260937926,0.628078301648285,0.712365911413901,0.768888552591205,0.588597710399506,1.20397315875661,0.667942761844225,0.413357972999153,1.73178703226307,0.864309220447074,0.955438497138843,0.394437752905595,0.954974865337215,0.699352063448317,1.17451128506854,1.09135328498637,1.02059326380094,0.562673495203754,0.751827644680529,0.862984090695702,1.99465343167001,1.23014590539705,0.420920476630039,0.807126784160253,0.81736027569692,1.22950734463948,0.490864029776947,1.20193879296154,1.05777185423626,0.546460560129915,1.22615685991341,0.977862537391864,1.00924284333382,0.609444086352258,1.37106063628861,1.1136699467513,0.746126200550144,1.06293265793004,0.874529142162441,0.790030619658002,0.734431357194688,1.17029523946998,1.05200340097661,0.983973984561774,0.861658505815288,0.837779846708375,0.690759375799121,0.414845440912005,0.898852243853402,0.998484203078938,0.829993484281249,1.52719630878876,0.620478535246947,0.662244980545357,0.508331937716245,0.623955300070845,0.768506790100333,0.26567782928003,0.738049714400148,1.07807545001523,0.621073999507118,0.707144719503242,0.748017133862766,1.08710925343117,1.11585166846483,1.44803201564182,1.66491763239945,0.697331230788397,0.586052131064438,0.709021930650532,1.37926390096016,0.761381616067817,1.07720964428209,1.21453447291738,1.14609422479273,0.637899260256703,0.96553779650748,1.64572537817937,0.740457753243545,0.873820557536709,1.34014653235678,0.81916827042808,0.838487404435259,1.23387397018101,0.853317033627167,0.788576034443881,0.920165542603503,1.33317189034833,0.881927565462194,1.37187032793281,0.454561835470856,0.399970716050142,0.803344976637595,0.888340031523867,0.855647849681432,0.681400946518463,0.307038975173253,1.57278349876224,0.685910536997584,1.09409139147142,0.632039905655429,0.722097550397055,0.662153557913899,0.524294799928063,1.08982946720431,0.66337432220296,0.932295134030419,0.854389635886699,1.02485921037376,1.07964528474213,0.742769644121501,0.651134388605584,0.567190776858265,1.2040407710159,0.378910726499196,0.958705652052475,0.862518283794037,0.74448269489484,0.6618377325858,0.577405505788018,0.802729799928058,1.01621700728704,0.428250315791783,0.421000320872477,1.02012741661786,0.7217884613047,1.09679777957887,0.969433758653563,0.506139203191895,1.13533969223398,1.19309155669219,1.40965696664657,0.952011636000993,1.0886618760963,0.72297260558044,1.38294936382499,0.500486942643941,0.721599903826007,1.37982579226955,0.92166310110286,1.11033427745475,0.695434636285702,0.649731710786038,1.04538585382631,1.25698257832809,0.95627039191047,0.910521482472928,1.2459780712502,2.22093841329798,0.876195503697409,0.525925438741796,0.700804962506338,0.706497826275272,1.64856991028446,0.725972256880077,1.03391581305369,1.36167050016334,1.50755759333094,1.30037582911609,1.16768741325371,1.23768682054756,0.595586520868679,0.591633595682863,0.398710377577409,0.876693579386487,1.57463357147654,0.983887212079099,0.46768519110766,0.921391978879534,0.76877210426903,0.743833854327432,0.713029936183362,0.505351291235644,0.901014757592641,1.1383446647638,0.664010701828416,0.691342417162039,0.667831775990329,0.752631725411712,1.86503517666135,1.45873210437676,2.20411521529913,1.53809560726949,1.21955121168595,0.523088341507788,0.800430937779053,1.20729561475749,0.51888121012292,0.958584045055509,0.797458802646486,0.705365472734588,0.577870749367175,2.28219446798235,0.978352727714816,0.853150585853735,1.16662880677612,0.51663906598057,0.58448858546046,1.06014169799692,0.803493847233671,1.83177394593581,0.794106905354585,0.58551158432911,1.15771180177639,1.0931059461196,2.12071721524411,0.833153492219809,1.17243625685667,1.54855677198004,1.77407285198902,1.19838683739258,0.799228291535488,1.17762480978707,1.17564372008919,0.917074079411393,1.53746678068727,0.435097875280707,0.675507206712433,0.840352418208083,0.831305766018475,0.318736009014899,1.06525812855245,1.08165046225182,0.890922910191597,1.33667223364156,0.92986885432627,0.638642849106382,1.63649446724636,0.70044219823009,1.32021980959334,0.5363671539276,1.25633475726495,0.688422969988693,1.22423661116624,0.339066979532028,1.4860434000734,0.679922125635301,0.664305994172727,0.645779242008868,0.980646826684712,1.1401052234273,0.677679917162946,1.08181963270817,1.07650934262043,0.873795904903613,0.801841452601923,1.19894210204992,0.714566511614359,0.396087054744918,1.14028463578993,0.476964902211796,0.848236437879208,0.591562069591339,0.956497662344215,0.52516161675614,0.741535806498947,0.784817914598877,0.383482532096998,0.965048975450779,0.906154536980755,0.639015890059254,1.34875780321537,0.93775374116123,1.13741744569216,0.789911091538713,0.236509169234566,1.3209937753457,1.03690565165765,1.46042212978509,1.38481624432798,1.73621831985439,0.455652619383577,0.495708250727092,0.640817981598838,0.686552740960501,0.874766179271716,1.30494895873778,0.932233038498741,0.585740604168015,1.07337803867809,1.00181628736451,1.17164283864323,1.31449602616613,0.856498672573569,1.20850694265177,0.69952042902878,0.603333274064847,0.815796260102614,0.804959257852799,0.779532523054451,1.03750902843531,1.71015038090045,1.04284473556924,1.04296606537216,0.644782471907588,0.977277961576603,0.77451498110371,0.669399670996453,0.649307483051471,0.454917168314315,1.21809839458658,0.647901424029038,0.895252823596976,1.13078183238556,0.820544663407347,0.565538575925547,1.11829590372457,0.556160046031444,1.4269972080265,1.41030584610604,0.75091987101943,1.45119629751657,0.818294822542953,1.24925098704,1.2869463935821,0.643433314553889,0.435202773750832,2.18103849687713,1.60105489696649,0.625174727653006,1.3528988071812,0.83704660838724,0.499615539989283,1.41077474411914,0.827247891370375,1.10436763607417,0.727746743164393,1.24967579762598,0.548036827820813,1.13171710531908,1.07380356171874,0.481385234385454,0.476956645388323,0.561628555247746,0.893267226280489,1.27479861472119,0.400401435408437,0.586804754316999,1.21179426803052,1.33203847986029,1.03877554606104,1.13945829044872,0.643487143892569,0.936738053186245,0.710165474662882,1.56211012488025,0.721465556213193,1.34625170178452,0.975315318150286,0.888333217986146,1.31846316292542,1.0296565396561,0.735385919808057,1.33559111664387,1.09888469284505,1.55155551688268
2.42416005953872,1.32396609230728,0.964226943165286,0.370649570198524,1.15316961020515,1.72465696664657,1.18867845086039,0.767465121237784,1.19933797152437,1.20758462359196,1.21607865205615,1.03498530233883,1.31585623689287,1.69981988905867,1.28596412440867,1.49230243618392,1.53058590265993,0.620703485158761,1.35584144911128,1.16146756650665,0.88920745254636,0.813675885195467,1.17799065886883,0.76862191052245,0.724807915643838,1.60543528772089,0.729586288323676,0.834165385442679,1.5419234494672,1.33116934398122,0.668211924501761,1.5563297564309,1.43175129977548,1.11910249631065,1.01009715963218,0.519240669800988,0.586520328945566,1.09736965316895,1.55332576553314,0.456422907606823,0.871232074858478,1.22624081415803,1.45925741477154,0.755617296291588,0.88935615023905,1.0162832053039,1.07163253133954,2.10013227655447,1.20028196664657,1.91931132296198,0.831988434806527,1.70397651111065,0.887548224403599,0.787118879125136,1.29544405280028,0.529062087262163,0.922439833993948,0.851332330676858,1.33421543748301,0.648995911177858,0.580191648635754,0.697781966646574,1.000360092022,1.15131117915944,0.816989546593379,1.52693492956444,1.36893112783837,1.02788139104373,1.40658453388646,1.28348940322527,1.18598570709622,1.11070124775971,0.822650854243308,1.21907562181455,0.687238673129501,1.3520145610512,0.543007849293454,0.986847375297375,0.82151352681702,1.0918061177608,1.41451360742539,1.21368712487497,0.857624866875839,1.55584346258297,1.60841987020093,0.703685340810079,1.19691893639481,2.02526279242076,0.823436946599279,0.885772020032854,1.5663442211009,1.00176358200168,0.520248817448148,0.811162281945248,0.414587934814361,1.45715747101773,1.12470189235019,1.15525784209968,1.03852837990642,0.940366850902356,0.732466580338703,0.504245292943345,0.769019440197886,1.39682341794335,1.01696072748944,0.478228105727721,0.801904553534974,1.45686030755651,1.39275908840569,0.892299739987747,1.31182789467267,1.46827355088315,0.907750827964365,1.5293023975307,1.35837386475535,1.74295295884378,1.36106249260897,1.11562778815598,0.993509499641992,1.69338765102865,1.59781626282558,1.37354976779951,0.688930916969721,1.15003598057628,1.35382864070622,1.48137349971468,1.11310717459588,1.40657319837328,1.41357277028818,0.760610977986946,0.718146269231538,1.08462856937235,1.65397096173154,1.14366933426514,1.00593354158352,1.13951595312171,1.10700823983281,0.530566259917463,0.368048382299754,1.26950387314287,1.42910925763326,1.07988900437866,1.72784415386396,1.29186766222192,0.994593895422332,1.15410551614008,1.03603279876271,0.882661958194772,0.97061498202673,1.03607068066165,1.73506472234515,1.13710496431303,1.3903505268462,0.884157662526389,0.624074470494023,1.49010361326595,1.06186300800969,0.861138582001682,0.77220003981389,1.03434697825395,1.12928159323801,0.658500636316265,1.56774267029017,1.33298959077771,0.954056928934387,2.0818023975307,0.648521032221198,1.38606695272198,1.06835504790763,0.593692944008573,1.23845798171852,1.24267970205308,1.39086328855995,1.37491053379199,0.337701082001682,0.9151954205955,1.78756287955738,0.761093089025129,0.710911276567191,0.743671465537171,1.11834346258297,0.723716101092295,0.997613727581711,0.697116868210598,1.80308118045737,1.10247693066165,0.47155479559385,0.851744508786649,1.25466805950181,1.49371917872703,2.39850610902269,1.70121961970078,0.920727921634601,0.911857823411933,1.14343694659928,1.11529150427336,0.918100776033636,1.19363832400078,0.365327446962668,1.30233243355028,1.01512570871811,1.10678407519197,1.00254479557848,0.989680472185773,0.966719723686398,1.28644841966242,0.607793063719968,1.38180239753069,0.818178659500733,1.05536954887823,0.497635831716807,0.709608171904529,0.872584949757388,0.755178980218962,1.21911786988331,1.23601881366758,0.912234574145266,1.12620992478807,1.39827218280675,0.90510735830131,1.00969715963218,0.816395157546802,2.29479889901658,0.923484811086126,1.30336591039992,1.04002089177971,0.827781767394742,1.25705900168617,0.975791583296889,1.0078928419692,0.727115581960137,0.807934406905596,0.807300899839982,0.831987261942087,0.964454985584266,1.14277100122124,1.01515508814311,1.13640466638723,1.74923825900241,2.02047647787161,0.790092404391668,0.678986934625245,0.532772477862373,0.889458894501682,0.616818552711708,0.972422548028884,1.11287609502966,1.69973247368631,1.1104397436937,0.701186554612923,1.04226598433304,0.558760071489979,1.28873428548429,1.13316060232359,1.04842208742238,1.36627734688049,1.49946861271717,0.652781326528329,1.65223368094996,1.07389296318956,0.723980653334284,1.548445431632,0.854262445650681,0.887911592899163,0.557869531282142,1.04438323322694,1.91209715963218,0.56434687507048,0.773224685984515,0.689492016704409,0.575171118613098,1.05279142478781,0.711771016624549,1.45881627465491,0.808750625526228,2.07220071800686,1.103682934767,1.12710162246417,0.969697159632182,1.12261339454738,0.725303491348009,0.865594033032661,1.39255383860791,0.678537674844326,1.93066089793626,1.15375136495724,0.868329062651387,1.56152438741521,1.62185866271235,0.74763536696017,1.47089485049978,1.23201349652527,1.69954580092795,0.615308902956515,1.3751837582997,0.624665577144664,1.01353933745476,1.42944366411754,0.437552664969898,0.457761750765664,0.454564233717155,0.780340893031543,0.815200180214421,0.95997973865966,1.07923941573509,0.873027378928555,1.1425819724022,0.517778536385931,1.57098278431122,0.493187544872974,0.627969942043791,1.14254346256232,1.12577345714762,0.693525953104405,1.55826321494652,1.80861384761481,1.29551709120224,0.834100068261834,0.891802397530696,0.855101530727754,1.0579191210264,1.00847551031255,1.08575823983281,0.619165925139507,1.61776522487727,0.501902626440976,2.09874680390266,1.43507720341839,0.749260177847517,1.20189546009656,0.865705883490903,1.59275784209968,0.74978364658427,1.5410705326186,0.752978437986284,0.450402949550688,0.700744893384672,1.8684759665934,0.512475837104187,1.64796992276672,1.6546237472616,1.20681904042955,2.14651016872042,0.931390148831996,0.659697159632183,1.0431123683592,0.765428307456966,1.70397498337257,0.901311179159443,0.678374306380579,1.4940542305499,0.900171517055955,1.24338840852623,1.16946813514645,0.583955739237751,0.665461002088669,0.343717687223021,0.746058967687566,1.04912523278264,1.34188329391786,0.702840844259704,1.00423857826426,1.60471762057231,0.917999819019028,1.53301358200168,1.49595309853631,1.18660897053795,0.957788397102254,1.56286203923802,1.68078336461209,1.394047027742,0.922800694644171,0.969784479723243,2.46785098058089,1.25516624965481,0.957117335754221,0.908372804467602,1.35076994117472,0.412533604984157,0.654303225766557,0.566394511208172,1.30780517288916,0.445128271930352,0.925976409622067,1.0318023975307,0.831883293917858,1.02972080609631,1.05907937063149,1.06443825900241,0.606356656959165,1.34801303978766,0.733873970181009,1.25047159103043,1.09917564798458,0.505049844546976,1.6280842097953,0.743524680636272,0.93066089793626,0.52709242716602,0.839203860538419,0.795472162814552,1.05726853333859,0.536789070519224,0.757611062136207,0.729397181591234,0.69570399311957,1.25695572382404,1.47656659282117,1.66932229921329,1.22780642507482,1.15553490605892,1.38325823983281,0.967269165130029,0.479443144939447,1.06075871435239,0.498553366781218,0.93370790997594,2.029046398832,1.19097820886134,1.11950387464327,1.17743884947341,0.848437375270522,1.20636700273,0.461953683297981,1.50511257095121,0.432858320408957,1.3293023975307,0.87281870125212,1.10807505167415,1.13029326183974,1.50123100761249,0.675987368401603,1.39396570396161,1.21119709657575,0.926865824272291,1.18623839863835,1.01085580272324,1.16579081756544,1.27222577755201,0.315891845874412,0.916929868519048,1.24783771299357,0.939774834064272,0.764910036044707,0.967084665824889,0.704149707116768,1.24360988502517,1.8482086287487,1.27283113526022,0.921544574658984,0.876128870046313,1.47465696664657,1.44665775219869,0.918734749640261,1.05521687928796,1.21894941726592,1.51610094418632,1.67540888393759,1.82115676570485,1.17131058502776,0.792098376391279,0.643745175932547,0.875226580073508,0.986945704387554
1.6193568682106,0.94302261946658,1.02448591236791,1.57797039754885,1.10657571718453,1.06919899801524,1.65865176119926,1.47399496284479,1.10903738526251,1.25230747877415,1.40228752966372,1.20432541410335,1.09000829103705,0.945037245577994,1.01435426378955,1.5583954205955,1.46753203228775,0.975761126103816,0.854228757802633,1.23401758394105,1.32063593577638,1.63098162948689,1.73605039956871,1.35657403155612,1.47450685965211,1.73907814878047,1.01055533207688,1.10541890825797,1.51532445525995,1.58006487842644,1.33364089208543,0.769088761310853,1.69502750755451,1.93515450074054,1.21116208489517,1.19025536015385,0.953922171988703,1.1411665335425,1.71952437263878,1.44932105101185,0.79665146550111,0.917933847549456,1.34201527592526,1.24296329404743,1.53317349679986,0.93138498090904,1.21326449636823,0.802774291596259,2.05777758961659,1.15749659093929,1.62784694075872,1.81048878287524,1.24729663673723,1.41868167458687,0.963415390916429,1.63069205216776,2.00928769713717,1.2426414081,0.792846113617827,1.09792190461116,1.02813786979978,1.09215508047064,1.04509989206505,1.66731988784651,1.43887452815168,1.42869056089091,1.43365564440312,1.13237741040291,1.57512523593831,1.49277370213258,1.33218153174091,1.89815379615034,1.07078805219801,1.42992824298346,1.69686082362684,1.38580488135973,1.16283311984406,1.02612638349677,1.03603671191034,0.979225357525461,1.08274650238097,1.3307080608846,0.546658789492271,0.983938711805176,1.28595194316529,0.853098087617213,1.57452428869873,1.8879580393729,1.57082280142594,1.8752288682106,1.22892293379866,1.81094994861609,1.62687578795262,1.57384607220572,1.27130101144921,1.46306544353848,1.48707549601641,1.1048320377243,1.10217247281773,1.26041985208316,0.891048481159083,1.81300317256657,0.703224751335422,1.10499524295814,0.806552670422909,1.23989074897736,1.32550920067356,1.05096347780492,1.34835907545011,0.842959356407007,0.857897799905149,1.79697264789276,0.887622956929034,0.995296368423375,1.63006258630019,1.45713749263231,1.64743884947341,1.35631978469011,1.2591891405996,1.98424027136805,2.23778196664657,0.867021142558928,1.44908275707675,1.17617319837328,1.55651889140051,1.25800301009557,1.20994897761159,1.5726950000232,2.32588480533879,1.64991649824615,0.734550027658823,1.02747950880798,1.85580571885809,0.95924829474522,1.19200694683164,1.2791512260536,1.17586117297715,1.44954333382287,1.35171119641327,1.44553723860879,1.32819338131468,1.02101561088282,1.37357364651571,1.22104375379519,1.27837467230728,1.42314362105422,1.08185560947421,1.11219684665129,0.795407225794044,0.700744893384676,1.91570367493494,1.16994419523162,0.896917586912019,1.41746035540077,1.14527470224934,0.775472516911393,1.20695591736647,0.911865718958672,1.21949726353618,1.57317984048045,1.25936436539681,0.957717377719932,1.33517386218757,1.35003695935035,1.02224934244974,0.86591119487472,1.16477636475598,1.91974971278877,1.772015019131,1.24076662528142,1.1966108818773,1.11845898239404,1.45493821861649,1.52530152300322,2.12250823322694,1.23180683870594,1.25025666921702,1.51369454584095,1.69946012247628,1.31429278993529,1.59294503450478,1.10214850124205,1.27295003640182,1.09695304647966,1.45348187310167,1.54599508890687,1.33077540337159,1.3953766809136,1.42212879950499,1.46578486487841,1.86880441363903,0.691658655923912,1.05756930199403,1.26059793245961,2.00514064929387,1.54863649022983,1.04072417975237,1.20365602199506,1.96394656879298,0.869466413223649,1.10584898274535,1.38940000016576,1.46782694316529,1.23445033974285,0.748320193073675,1.55368428152342,1.33311268230071,1.43208469624047,1.3370206835264,1.13539046900098,1.31151942783155,0.826471270286969,1.32115398732806,1.24080407890036,1.2663486384049,1.72913647800232,1.21160928336329,1.172536322747,0.965381783666594,0.901654461629454,0.960128854807727,1.50629275808692,1.5450810073975,1.17822058131415,1.12215111765393,1.08826238951047,1.3373141405996,0.886027146585987,1.39925467289879,0.745889079085749,1.15509681154997,1.30051326179925,1.04149403843659,1.10932051681427,1.82006154752154,1.25716822880439,0.848891090520938,1.09076756912164,1.92668300072206,0.871832008327677,1.14967719974232,1.14905272332037,1.24989431722895,1.89820643493667,1.24803438242155,1.2639924484456,1.41546670822775,1.45664791208168,1.31567963995581,1.50162696781083,1.27871788144486,1.65637837577388,0.869304258744221,1.06543537505048,1.2461665335425,1.39008729701279,1.38218376512542,1.17365649837601,1.41517701139463,0.756621928614309,1.05633109098063,1.53305736446231,1.03751997835862,1.26803982533127,1.08115470042754,0.926838259002409,1.47747693066165,1.61230951923501,1.72670131077716,1.19052908339365,1.10669143003699,0.730033824487602,2.00822722056101,1.07748813134652,1.53746678068727,1.18658218711403,1.49599134299785,1.69065346671117,0.872380630264386,1.40600576839444,1.30641377044377,0.942707539181567,1.32576522519081,0.977886137164535,1.36429226144891,1.66597621811143,0.794610562152381,1.10068918102977,1.29643764861481,1.47764422029814,1.68615140050505,1.13859879637476,1.67466271488172,1.24988865526937,1.7815112748629,1.2955574198188,1.54111619871661,1.58048369055603,1.4934681676223,1.04855739276747,1.28673582964761,1.14843979061172,1.30097919324068,1.33493695426175,0.919508840562073,0.956048521494228,1.57985707915212,1.7445307637713,2.14630706996915,1.00587521511529,1.0173762563867,0.757920357621667,1.38318549941683,0.882716868210595,0.803480768176858,1.23736392364728,1.34331904201746,1.50250651781657,1.05378968916835,1.1928916434616,0.968245705910502,1.07568076994788,1.2527416459193,2.14687909812348,1.01754392192465,1.13397115830772,1.64763575603848,1.17291226019262,0.827736875671304,1.44491427852479,1.53720228654412,1.30442460092027,1.24030311770239,1.18274017296094,1.4499199997483,1.31935218324667,1.5836194988691,1.10207578687878,0.96572936616078,1.46779789922666,1.73735800364943,1.30961587539232,1.29903251890117,1.73642290760682,1.72778196664657,1.34377279370538,1.41827393227095,1.7304446148998,1.50013555376272,1.15430001340991,1.53269877981476,0.947053272759703,1.15283995109729,1.53881303732591,1.091913228936,1.0600907602851,1.3360152197194,1.22751577500663,1.23285578624643,1.17108737056418,1.01600085537467,1.08558191481142,0.993191848123967,1.52582546210882,1.3872712046553,1.15415821217386,1.31935913321859,1.22776679085867,1.1059934258805,1.7487042855808,1.34382161217908,1.66040477764542,1.00084561925028,0.867577936119431,1.51891452871826,1.73574293301133,1.69259019921308,1.05333441115402,1.54407314222408,0.70991106895084,0.822926928211531,0.988876469106385,1.12403082987744,1.05724077192138,1.43349729366243,0.929802436183917,0.760194887498591,1.59355208000263,1.62450368258476,1.2312109169996,1.9046237472616,1.14039097143531,1.38120931737619,1.11850139882936,1.33065338405209,1.28706501827574,2.13628756334131,1.07142717114892,1.44184694571377,1.58981028772089,1.17246946043682,1.01013219888286,1.18239989077332,1.26319975389989,0.877696247891783,1.02128947615676,0.743240953346147,1.60101012688192,1.79001547502332,1.04693417606445,1.18101402455088,1.26445889450168,0.883403669685771,1.48189169351676,0.997565513582879,1.14977306137398,1.45593497458272,2.24395108200168,1.10721575329972,1.66541978306608,1.17799065886883,1.06575055147649,1.45467794424932,1.35613361151723,0.863882758786447,1.38344211257238,1.72189427291861,1.22386216452539,1.85118323179175,1.20055707749986,1.33702641684664,1.49370116374543,1.63472642779797,1.11797845347538,0.95892564944846,1.14450823983281,1.6548080078463,1.04438323322694,1.35450823983281,1.92368386017953,0.752443664700905,1.46391377044377,1.3359279585669,1.61868393418338,1.09129220742532,0.976897288490522,1.42314362105422,1.42801303978766,1.13967458223668,1.29898477765812,0.796003413468368,1.40352754328233,1.14993472803578,1.29880011184387,0.980026794065503,0.672325835488171,1.22196033256913,1.68872418287366,1.58281710890187,1.22049269560329,1.34154998720728,1.31509742508356,1.8621164871694,1.22245748423211
1.40135099411524,1.15178968191183,0.702893358273081,0.470778918689042,1.05948390910339,1.41465772214909,0.818429520936353,0.616767031240565,0.973890709597779,0.889146310744184,1.24025771558062,0.6936962303185,1.0902288991756,1.20661842641272,1.029002479775,0.906432008786649,0.865000567973973,0.754986217757647,1.1983133476013,0.918098710703921,0.572063520431148,0.704662969729094,0.506787726319434,0.848929041653312,0.539611664740941,0.893552439805684,0.488849471265258,0.90950905170851,1.12247174998618,0.832468182897305,0.58097154776212,1.10430795477796,0.881669680922248,1.00783695044848,0.772833118952169,0.521344453850619,0.660028264169481,0.763266823415023,1.33721904898178,1.34669646295104,0.925035384059546,0.914481732729954,1.36385815563056,0.831186236180135,0.884356019424206,0.755126516170318,1.05194648213592,0.640193877468787,1.01795633527648,1.41720488544638,1.05492260571004,0.81061097798695,0.816939555682214,0.650250522361842,0.917482557379426,0.494034670709595,0.519389866361303,0.651262717244712,0.865958361176828,0.658730332031849,0.960145683526398,0.879466937316605,1.05604770911263,1.01607651412458,0.650340497595101,1.16287433757091,1.67945357674238,1.06887994987511,1.17076679472639,1.3728968677213,0.948523763185854,0.910063464595708,0.87339524392319,0.970901933030815,0.572930794680421,0.771278305995238,0.62454298649466,0.76085501805974,0.970250164515488,0.95903930689686,1.25060982584234,1.10880154663169,1.13864635015944,1.10632909979781,1.26646292491021,0.576554077171996,0.854674874627949,1.28432799027979,0.460247734232306,0.806222098915087,1.06186243669691,0.501401497599312,0.560987386345327,0.368206347632144,0.575418528540957,0.888935775043226,1.02112267589733,1.28858627687182,0.94973234870648,0.795558766632429,0.866499822533948,0.449434302454369,0.707936136018447,1.27972928816974,0.87274983098819,0.463459294719267,0.91588301665804,1.12606750070843,0.918524089279977,0.753428526225943,1.10745853955407,1.57937946164643,0.881743314583745,1.43427608978514,1.05997081131989,1.69310287354891,1.39312974599767,0.937277519069987,1.43446500947275,0.545751496286579,0.555265242725339,1.56847467012512,0.75514989312085,0.829809805854303,1.5172196252078,1.20144701319072,1.16611054107799,1.44382694316529,1.17385642890911,0.490986076283328,0.576324070301819,1.11619358674431,1.08904573878647,1.05391011884204,0.667098009262827,0.779020961837524,0.859934281930669,0.496348944869737,0.429732180137462,1.11462815948169,1.29082677465684,0.997425571146742,1.1491580019914,1.14237884477525,0.60237110918868,0.699451749294549,1.19391044297236,0.710316591146776,0.735889959017086,1.20396739538675,0.574347378534826,1.24921174496321,1.04097297863778,0.649995831346591,0.49831916315364,1.04310597563663,1.1701656027338,1.52442436868097,0.865149869282948,0.924242267824509,0.863041314430084,0.898048293915539,0.718754044649036,0.742286486760562,0.894178426366241,1.32720628490799,0.538442829071361,1.1746001053032,0.510105225338231,0.446765724860327,0.937248452316916,1.09056633920133,0.812940608265389,0.575163329769502,0.65047877204917,0.846340908832844,1.08081329443106,0.541760654293012,0.681962738039984,0.601217117025768,1.10727852757887,1.02605778262247,1.16255145425456,0.451135347224678,1.33048245824437,0.817051044345173,0.521132776301862,0.51031411341251,1.08885671078531,0.849183938314282,1.22967283824858,0.987839338717882,0.82322475517917,0.86513803316358,0.521052652321703,1.28932662226828,0.82631595900951,1.03022631348045,0.342788563622401,0.671678051578161,0.88509058351424,1.15432336774804,1.32910414548653,1.00451141683727,0.892864367532728,1.49191790722134,0.396214852371525,1.06604205242651,0.366848213772377,0.865671827419708,0.437055041411853,0.524532916434148,0.914600959150396,0.515853926372494,0.824079064790667,0.906721353203348,0.817287167514353,0.887113718572299,1.04316700935332,0.965029610122428,0.900577318965354,0.688567809702656,1.75901229697882,0.952202266011887,0.558836394636152,1.04237661357508,0.664073008489181,1.17993239679281,1.45652864070622,0.931649148618195,0.595901885786507,0.762238684027587,0.847448754487704,0.962001475240015,0.855640238428891,1.10356107416276,1.01585688509076,1.07891446071643,1.80499118498975,0.64124852845354,0.810717919224655,0.619595914279803,0.557422049945182,1.56045894017389,0.635181094816033,0.886836213063674,1.22859216221862,1.4003128608717,1.03121668159868,0.628709110172266,0.737685340209228,0.909329125443767,0.858007746048617,1.07072119939166,0.966696236780753,1.27634393560523,1.23952411298561,0.563910270340815,1.23336562755283,1.00284886574195,0.631199295008677,1.12283443327239,0.635166502044812,0.927268098913037,0.51267515358037,1.33947142724369,1.04095883447999,0.565638021894592,0.875607960806342,0.330722175812149,0.520934660513761,0.971717227788566,1.14542131475575,1.09140894792742,0.819016960491898,1.48005604931131,0.502331484025611,0.977626526510993,1.18476695266088,0.932359525495569,0.735770901843952,0.83546826241504,1.41838772079368,0.419516152772041,0.894777967974642,0.388602517190772,0.796158306602578,0.746916635005081,1.19364338193121,0.437897753622966,1.48188653519477,1.01865172121847,0.491710157030255,0.555018148249636,0.757439389230321,0.676191379413183,1.1694167477141,0.963517146420241,0.585189383971481,0.631219315956536,0.518850607614595,0.603831436321661,0.598063540115474,1.10931980415085,1.07772080806025,0.742419255996061,0.831589724014503,0.360482826446547,1.69993331268677,0.516671552791533,0.866813862211272,0.945319492270774,1.30287102419793,0.714644328929323,0.664535217990617,0.975741874974595,1.17467634430613,0.447095674299382,0.702602363565284,0.6771863225856,1.03526055775013,0.912708469205146,0.759706895811261,0.689740980160791,1.19497077889268,0.592855386143751,0.839598731111823,0.54843818293689,0.566993950918806,0.781346826070282,1.08102864070622,1.4642335584944,1.02674158825468,1.15953052171827,0.843266714530847,0.566094615639184,0.856846301584411,0.88637401293566,0.550769294591009,0.788697736558601,1.38361045205456,0.97306099811168,1.30578588742665,0.990276690742735,0.610117474147481,1.03120468892638,0.680603827420304,1.4879575100009,1.08758575489713,0.86200055669633,1.00394770699872,1.2127030530719,1.48002394499789,0.914691986902238,0.906004096429282,1.14390579456274,0.185471038239185,0.868337234577425,0.754845652096718,0.872020945398038,0.678775104946308,0.800701392060414,1.0657007608765,0.619938867166239,1.04216700603848,1.33002825827518,1.14275334829819,1.32710308894515,1.38058228253308,1.20681237216566,0.620230583759981,0.476305332528532,0.991901833387381,1.33767709988211,0.734853210204318,0.717344109430119,0.95319117390394,1.26264779609759,0.694834171306078,0.715550288766711,0.7510463685388,0.797581649719511,0.495308103003499,0.967917147261011,1.28391654609849,0.965466275151533,0.827397099903746,0.810883661837623,1.55235343840355,0.85651371198187,0.856974022661086,0.636269325096328,1.07571531786915,0.753906228724092,0.516523805029302,1.08418664748822,0.830271216496278,1.20690260115155,0.687837467620432,0.803758216016354,0.8735932096966,0.981349377790663,0.434955655699395,0.77893688779265,0.706600188993719,0.820150567799813,0.883331850312261,1.68091794780709,1.31685810726243,0.751377618581123,0.853761832380223,1.23882528975442,0.849980298425324,0.353175321842773,0.915081664624582,0.41587494169635,0.863928729983424,0.731246089133686,0.914625301809145,0.732226755341056,0.980534276514316,1.02123436806593,1.25091871141649,0.397168085684828,1.11068133078223,0.414445698547185,1.45057340427378,0.806258613009467,0.964586232059975,0.708270152696279,0.447645683526403,0.817462232507231,0.935501885984077,1.13277903772089,0.702368987663615,0.976833033664639,0.817919852105877,1.06625944095903,0.906799772382085,0.230969089371818,0.698379450332438,0.739276322737518,0.999258044224216,0.479546425508498,0.599184400679761,0.975272820554596,0.791052260158721,0.678448707871995,0.976616098697003,0.88864814758592,0.812439446515669,0.774085131745,1.0683432101999,1.47266419785421,0.903096091519254,0.623062860405663,1.23200522091604,1.26723134203952,1.41017609913463,0.967239399880954,0.858945138313185,1.45946778797764,1.31112341888381,0.760371387321705
1.53077218280675,0.99230243618392,1.1043530821526,0.964263971056173,1.39482074416654,1.23328681907716,0.737649450977889,1.19768727475354,1.41965696664657,0.929430212042142,0.797149374959428,0.979297159632183,1.68016146988218,1.56376682531916,1.21557366531206,0.911346373120998,0.546230299241588,0.962834646663367,1.66720737207974,0.807353456592081,1.36817319837328,0.822830718306074,1.32292363126966,1.20453739588769,0.852790053155195,1.02826597321396,0.690255303632154,1.04076939542866,2.10421461694452,0.886544520787026,1.22028211364949,1.1712773434531,1.48590564028596,1.24292358304912,1.39946870151403,1.27705340337011,1.42920509284496,0.952778468940328,1.06326941853482,1.75271656656027,1.05404638377746,1.39425986284664,0.958407890599595,1.15649315116278,1.32192450876634,1.66938323322694,0.780683118583472,2.01779957855015,1.82192450876634,1.76551556561202,1.01094086798773,0.736621780425599,1.08380769071333,1.15581945050103,1.7483737472616,0.657733487553712,1.10202618836723,1.40302864070622,0.964301636163318,0.847670085668355,0.740896706575023,0.554558792154956,1.2433924365179,2.32743884947341,1.54464132315039,1.16043825900241,1.69414190175629,0.84970228654412,1.34081386940988,1.41217618328669,0.984472138852441,1.59970228654412,1.09465696664657,1.18652385838554,1.21611237105422,1.01529037102553,1.81410551614008,1.00863630699787,1.50294844743078,1.21278601100471,1.46707379518079,1.38493884947341,0.649599826179953,0.892614557241726,1.09527950606995,1.04488150916341,1.35838555078202,1.17019268824986,0.807223237187269,1.16508462539232,0.790193374269221,1.46372969789147,1.41345080748081,0.894659721470617,1.02419520617446,1.32659523352073,1.26575777866977,1.47723825900241,1.16108047354405,0.998217311129094,1.30062032184945,1.21257274906842,0.914811598466822,0.708202177649029,0.919992408247085,0.962938337945192,1.31924649436002,1.55407583167627,1.04950908075676,1.01694972246385,1.10698518554944,1.48683825900241,1.29215670242261,1.1817777270662,1.48007667045687,1.96609207840778,0.902912550914592,1.34745820043898,0.985595528698671,1.64050483777323,1.75996788973546,1.0792812239084,0.847345686914817,0.773368701414938,0.801591021766305,1.22469769588209,1.28117281331987,1.55028196664657,0.848906165735438,0.771553393692314,0.831321769070114,1.01560602006827,1.34540193843562,1.10231182621172,1.40683825900241,0.925868430873751,0.800149450977887,1.14146163795731,0.87194316053608,0.744593895422335,1.17830653170661,1.37945806311329,0.866833033322365,1.25799835652106,0.845513582001682,0.95011206402385,0.680457807478478,1.10477373374627,0.729715615094273,1.9671237472616,1.43384987557007,1.28185599769405,1.03269224691241,0.628478005854204,0.97677753895863,1.36942421638937,1.34101576596153,1.24823413361279,1.22055242270515,0.939124150898774,0.915886761032214,1.29266488898147,0.405233398358605,0.911625287691588,0.9983737472616,1.07928122390839,0.92826081795487,1.07265957904106,1.12601453694249,1.27242387266009,0.991478897149828,1.62195916506231,1.42188329391786,1.00230840602003,0.766752652131307,0.969302397530695,1.13180239753069,0.525201082001682,1.41278029213458,1.10304131505185,1.14984492092147,0.705024257069582,1.40103454755892,1.24122368206232,1.18652528076479,1.45610217580349,0.877816262825584,0.963439946272115,1.37930681549866,2.38951434240907,0.824107183043827,0.707128238967239,1.0959972600001,1.52150895147298,1.11554419800995,1.57695889450168,0.779840964735558,1.21278601100471,0.22295551720637,1.11409715963218,1.26123941033295,1.54028196664657,1.19611456214777,1.17767869393809,0.885274272940414,1.468968155449,0.783816639299483,1.44892197497966,0.679947238108861,0.888438259002408,0.902204810793858,1.35677027993262,1.45560413783983,1.10978969049258,1.05784822258593,2.04106773592508,1.19252916988276,1.19686130917701,1.37609206017048,0.944819957024967,0.952918303641908,1.10618475189793,2.9293023975307,1.32269509695593,0.495244510794356,1.34823972073758,1.4046237472616,2.41261455724173,1.79438323322693,0.979906531706612,1.02611673979359,2.26045689161005,0.764908646455122,0.930642400125377,1.38758178379189,1.25370016449145,0.930250700560685,1.06695267767138,1.87955629900337,1.55645108200168,1.04311208938884,0.603199636219616,0.981601987273329,1.96671656337281,1.0860498998936,1.7893023975307,0.878080652644968,0.989302397530696,1.08283320020917,0.474125287691588,2.05072138924973,1.37609206017048,1.01505316776692,1.11749002654446,1.09551358200168,0.788718645765512,2.06331002833825,0.883700251365047,0.802614466679275,1.10028266785968,0.779687652721335,1.18965299751946,0.877988671676009,1.24227652045345,0.934752990063986,0.572308207686865,0.981209316996001,1.24754763673003,0.988566812838662,1.09679741619095,1.22832608200168,1.14127041870763,1.55662953923888,1.88301315324649,1.17444570438755,1.67971797305459,0.878073741924585,1.63106504199299,1.32644155385879,1.3620721239949,1.73985707915212,0.869216032758199,1.00975020482054,0.830469126095046,0.821238259002408,0.91938323322694,1.32098448930698,2.27801196234243,1.28910010254614,0.626670711806313,1.23938292315556,1.47633838976146,1.76402561719534,1.07476291190372,0.93426890103826,1.29114351187327,1.34557103057888,1.33758805398818,0.389514342409068,1.26511824973995,0.550416042326374,0.958160164069638,1.31588267231874,1.25409738571848,1.19346562217822,0.797149374959427,1.15659804357208,0.782743293606087,1.94049812725822,0.978449725467722,1.3556322884037,1.06470683304802,1.46190321601998,0.967620942775215,0.817587814167824,1.26834156656027,0.811222897762183,1.63739085968112,1.12265764483629,1.23336419888885,1.00299935300137,0.856280732647004,1.27220459979166,0.810620765593806,1.2213239375078,0.966850438858656,1.06083880772529,1.30232307688739,1.21011146703702,1.12961179270227,0.569302397530694,1.01907758126523,1.17883787014755,1.12367998720433,0.86334568616686,0.769359575934282,1.31232527800359,1.35324050952968,1.19083180376582,1.38029326183973,1.50130435428513,0.696272266073855,1.97177853746511,1.70330700878665,2.006202829024,1.5460042405623,1.32010438869063,2.03723825900241,0.989302397530696,1.15897513173626,1.27698354978483,1.7679049972616,1.46283320020917,0.928371214713716,0.885569931961701,1.0136843522127,0.549681564034012,1.19219923700718,1.17730546002323,1.09076756912164,0.90312395061934,1.01651760690702,1.12859276304795,1.44409697407954,2.09199368125205,1.53917072787406,1.28303582803199,1.25511540293722,0.868577946387999,1.18148973221334,0.949655894811752,1.11937369056139,1.45942562591496,0.191167234971054,0.977664715432717,1.24621387355546,1.6020398575644,0.991507475669244,0.866564180806727,0.786980978199679,1.09068764206034,0.840967429525117,0.830672373743921,1.25745525244057,1.20372566835284,0.93374801480186,1.27726695266989,0.611509322115657,0.731890161112511,0.94178756847637,0.645712539648109,1.11389474463879,0.784416740799238,0.918144981486799,1.75689589456203,1.47056931926987,1.93480040338718,1.67629086282937,0.966273432457288,1.95193783731649,0.926518155923824,1.12398693107988,0.964301029070907,1.09263170069016,0.782519281342506,1.07143157894185,0.984438259002409,1.91903414645138,1.37868490983962,1.10820889450168,0.989279489456028,1.10546342829439,0.688097159632184,0.912484387166202,1.071346373121,1.03313161406545,0.672457484232108,1.06695267767138,0.741228453058473,0.709279489456031,1.29332284434718,1.04086065074941,1.23522267127746,0.859279075023748,1.09998015647583,0.366616605421107,0.993077907675859,1.35591375161417,0.700927150566608,0.846838259002408,1.87928122390839,1.59344236777954,1.006202829024,0.766368953210787,1.04729686058615,1.04048626263421,1.61627472990837,1.33562388091235,0.904487046925807,0.145484276842703,1.00114043963506,0.89845801476414,0.881524934091251,0.872460581943564,0.767596728443694,1.20444686760585,0.70474852725817,1.28897326868618,1.32267476423452,1.20625085702435,0.778501406378038,1.94059559341344,1.00180094485857,1.12931480482987,0.947034591496845,1.82260095414743,0.761346373120995,1.90690307066939,2.24686648446265,1.14129715963218,1.15174707979332,1.1233737472616,1.811860402652,1.14801303978767
1.86334568616686,1.69394217229624,1.31268047911455,0.421273357979425,1.18378037416057,1.34411093203352,1.02590608240175,1.32898327888829,1.06892855499591,1.45467970645433,1.50250651781657,0.864451860735371,1.66830469184787,0.812614557241726,1.66153735066762,1.04048878287524,1.86932531629935,1.14408542583143,1.86816825961058,1.59111237105422,1.2633462444777,1.36903531007039,1.22902367176644,0.754514506618947,0.995296368423375,2.3271161685143,0.939612602599714,1.39973726076682,1.66891289425643,1.30998647332415,1.186696676182,1.61026648722581,1.390430643978,1.70502425706958,1.80331323219317,1.54264455489706,1.13576076402082,1.26710379316148,1.88577716527166,0.831759262200468,1.03210118077304,1.30260263124766,0.923843500538386,1.04720293694424,1.12251360086767,1.5815855867806,1.26400126584049,2.02660847966797,1.1712773434531,2.13277903772089,1.20832029193238,0.508743758309222,0.799735730699309,1.39494568691482,1.50130435428513,1.11038649120575,1.17416005953872,1.98116269283279,1.0007667349285,1.4354387709357,1.72412528769159,2.0433924365179,1.83350028769159,1.52861237105422,1.67170901469267,1.7171237472616,2.59844373849066,0.480965980531445,1.67412913417856,1.08595350373622,1.81574821146737,1.85447881292668,1.35583119163049,0.958519720701661,0.919441476534426,1.73024767479576,1.78438401258195,1.74646387469054,1.67695386959705,1.25271656656027,1.94000651781657,0.951958894501682,1.32745759769094,2.15525784209968,1.55563721053591,1.03815046615335,1.53366473122904,2.13348557504533,0.656920480774643,1.85261455724173,1.79591448983281,1.9848194568981,1.09462777016059,1.22033816851333,0.885402644653613,1.41448228182323,1.40268024869084,0.843392436517904,1.68518844352134,1.30346153957859,1.5950813298992,1.31268047911455,0.788693119160517,1.64662595486282,0.975047131352512,1.26841448983281,0.889215398202904,2.0482306050554,1.64698591964387,1.35534511752706,1.08748253447072,1.71166238842431,1.56520903896093,1.0967215047797,1.95502425706958,1.71432210576443,1.89705900168617,1.10820889450168,1.52822225592258,1.68303561987745,1.72578147911189,2.36202762722868,0.821481975330562,1.26267051007596,1.81255833861603,1.92075348618185,1.08250154115599,0.873451920113689,1.40043825900241,1.04815382659821,1.05827029452554,1.05086616457187,0.822600954147429,0.786208557285103,1.61265483827684,0.860564638456431,1.16028196664657,1.87928122390839,0.45419960645535,1.67580158272708,1.70222269880272,1.49371917872703,1.51445889450168,1.42753390064905,1.78049434433805,1.53396668306023,1.1663738465413,1.27488397779576,1.32378956138572,0.759424508766343,1.39702950913564,1.8569603587974,0.703563929185931,1.05996106517289,1.42117629326318,0.729907451060066,1.7753442401868,1.20850028769159,1.07576261084487,1.13991053450741,1.45997320346481,1.51300339377544,1.23859117543301,1.32192450876634,1.34393200878665,2.08786521488588,1.28917453881343,2.07266926304946,1.2110498998936,1.56889730018198,1.34373094777734,1.59956644122835,1.20219292014751,1.35217257959055,1.22412528769159,1.08177236548536,0.802121196370942,1.31642927113387,0.834746742983729,1.53047311576345,0.814299313864779,1.80048878287524,1.52403920093053,1.31454259008363,2.62354976779951,1.17603358602147,1.65403596414276,0.650468782216478,1.69529946637601,0.730965980531444,2.13375384943217,1.67781626282559,1.35614726720093,0.414366094330126,1.9092640535138,1.19716101100471,1.33545632811512,0.70356392918593,1.5932458801304,1.57484715772913,1.11247907975444,1.69973247368631,1.56683825900241,1.08778196664657,0.837279844072048,1.25557451572272,1.73292892906703,2.43354422723156,0.84455111735239,0.922396435126342,2.0243570230663,1.1660705326186,1.74300010672408,1.06048555737315,1.34562445909866,1.61009715963218,1.5792707264847,1.60438869686171,1.73323825900241,1.35477667512832,1.16413198779461,0.858485930164461,0.557223237187269,1.26990904372447,1.64079505107273,1.28644433401974,0.84970228654412,3.05082817784885,1.00501058601276,0.882599524050102,1.28893589584154,1.98361934433805,1.23764945097789,1.05451868897387,1.02839034192175,1.11830945240219,1.59309114614723,0.640488782875236,0.730965980531444,1.14212758136636,0.910587636674929,0.87170040661474,1.72217567803554,1.71089293895393,1.86816825961058,1.62123825900241,1.45850366742442,1.7679049972616,1.17432274786573,1.81429931386478,0.850404757330255,1.47559882130688,0.780607302150051,1.20739773953566,1.30205258902663,2.73207358505437,1.97257102423899,1.38916718742026,1.66787970673796,1.0243570230663,0.90628164905146,1.52329715963218,1.09048878287524,1.16388341679157,0.89124852845354,0.986459179098963,1.18930239753069,0.911625287691588,1.00041235358148,0.851460998111683,1.64638228176094,1.2123763529352,1.69648674103023,2.01152438741521,1.00511740753315,1.70789439063764,1.58449877051541,1.79447302009502,1.56683825900241,1.38418530448461,1.95076124731604,1.19139828140142,1.61048878287523,1.19735739703761,2.0433924365179,0.655766449453788,1.28396668306023,1.91932410795749,1.0479029921701,0.559305356510248,1.62280621887003,1.3516748998936,2.2318023975307,1.42809320712967,1.36293893274052,1.44207712410539,0.960999760474325,1.75756820961521,2.07546475563221,1.43218636822688,0.548143621054221,1.29652237703233,1.62223766814743,1.09048878287524,1.85739563418342,1.11522249495309,1.32192450876634,1.57265957904106,1.1018023975307,1.32334426519856,1.37283908902295,0.720456355835014,1.46091856447057,1.05035645539554,1.29703459149684,2.5233924365179,1.68768200878665,1.14238858200168,0.800488782875238,1.23512593795203,1.01357249986864,1.14946870151403,0.886107045991574,1.16048878287524,1.84944529332678,1.2924216474684,1.70573704882199,1.70754761447311,1.92155672125803,0.980963641629681,1.95928122390839,2.1233924365179,0.887583574501197,1.11243825900241,0.411625287691588,0.492730860328559,1.76048878287524,1.97728077672194,1.33108258367456,0.7679337072846,2.02587797877271,1.60293516035952,1.41822442609089,1.98078913272556,0.606383733404401,1.36292913749345,1.67642396753571,1.11334568616686,0.909375668602804,1.37359792286455,1.30876007148998,1.3233924365179,1.57027903772089,1.09048878287524,0.600831948069899,1.14905997188115,1.51356520374174,1.0518272429885,1.18595192011369,0.959248294745221,0.743808836347922,1.12839524381174,1.20721619713494,1.44166789130735,1.19897632599699,1.98551866917389,1.62460504574543,1.39821338976146,1.58610880839907,1.38743421517993,1.1463234396572,1.74209136831653,1.13329715963218,1.34712447414514,1.76066274021533,0.915556215728884,1.02069357201699,1.32180900563772,0.965976249974595,0.92380327635077,1.14691938734499,1.58149927950143,0.99292002241452,1.59028075860859,0.828605955626623,1.15810908801294,1.27852797858147,1.92733985724371,1.15928122390839,0.684820196661745,1.56934669636737,1.2415980362878,0.899214829964551,0.838088296454818,1.27185407992038,1.74575195291562,2.56549032828712,2.41162528769159,1.62174444454201,1.18487712038018,0.801229329945041,1.1544031591678,1.1966149587969,0.901020070892282,1.11334568616686,1.36956014752787,1.40549434433805,1.76048878287524,1.14946870151403,1.98594789057506,1.22974568691482,1.7293023975307,0.934459165062308,1.61204118098495,1.33981028772089,1.56146822779014,0.889398555406042,2.06695267767138,0.786067074456966,1.14230185537184,1.0018023975307,1.22673829089235,1.67003282074663,1.47600844103667,1.04994513658354,0.870853311691942,2.15794599457562,1.26715471629207,0.919479826219332,0.592757842099679,0.484476606820518,1.24899976118085,1.55000510364874,2.06429931386478,0.926838259002408,1.15346742952512,2.0679968682106,1.56934669636737,1.55163991277465,0.211322005009342,0.736831301164035,1.81613536818069,1.50826839150569,1.79688588886447,1.59647549251514,1.42740481046314,1.2679049972616,1.77349370339756,1.24693077150041,0.821254765452824,0.916166231699045,1.33760025142493,1.35008598546464,1.44981988905867,1.2018759443085,1.93941051824502,1.59870407705815,1.32225683740163,1.91162924712617,1.19176785934978,1.29679226734529,1.61048878287524,1.42834322131626,1.4340763299574
1.90923825900241,1.75749339287205,0.977592189619152,2.76757654363424,0.843392436517904,2.21048878287524,1.33783548208523,1.01827218280675,0.923392436517903,1.50123100761249,1.43029843712537,0.976754103774773,1.33903603465831,1.97412528769159,1.00256617505099,2.39763264719811,1.82301380551911,0.72937456600419,1.48069262494237,1.34161946396337,1.0893023975307,2.01738858200168,1.8769347559607,0.719282510059003,1.54842949297758,1.23723825900241,1.24067826376705,0.608127428255096,0.892614557241726,1.98697294392873,1.38123825900241,0.283392436517903,2.60439037546692,3.27601191139057,0.764236956876739,1.20298476373533,0.447161011004713,0.389238259002409,2.28188729977043,0.4358737472616,1.23355318103937,0.92609117543301,1.85647907426311,0.921215394576166,1.34161946396337,0.36202762722868,0.213327743310309,0.655766449453786,0.770190892534802,2.27983855007189,1.98909978278712,1.21917048437154,1.9848194568981,0.67846878206146,0.6429049972616,1.27601191139057,2.20180239753069,2.07128565058069,1.30080313743276,1.6016748998936,2.23601336303403,1.2433924365179,0.283392436517903,1.33192852230872,0.857017193512862,0.433544227231564,2.37450975188595,0.974125287691588,2.2664293296107,1.33107984470974,2.16534858880238,0.683419318797977,0.294058614077475,1.65048878287524,0.951937837316496,1.87223170886133,0.532991871134564,1.66965696664657,1.0076085586329,1.6433924365179,2.02661099228931,1.47149014450168,1.16162528769159,0.811007219065414,1.88591156974029,1.39244262288235,0.796230327946734,2.46278601100471,0.931802397530696,1.99704300003362,1.848760562089,2.16372566835284,1.4911954205955,1.69619848420489,0.925639823641866,0.353375360202294,0.512795816421498,3.30080313743276,1.71432210576442,0.375480922655569,0.767946747192117,0.443392436517903,0.480965980531444,1.65552961715463,1.006202829024,0.900286011004713,1.1407708302261,1.07741531158825,1.7668775605649,1.58350028769159,1.43271793455498,0.315891845874412,0.971293703595986,1.7233924365179,1.65525784209968,1.89183689866383,2.22923825900241,0.175860567302885,0.766406910656656,1.81822442609089,1.42119854821922,2.08350028769159,0.566646823142492,0.942678578057237,2.28149729859006,2.13886714565935,0.960725280744142,2.12786376324242,2.21562489383158,1.18290277216114,1.68987830081208,1.2110498998936,1.9735259531044,1.43083665645866,1.97373912448813,1.02148973221334,0.786208557285103,1.20584156656027,1.65590927212719,1.46270108200168,0.417548917787093,0.850488782875237,2.16048878287524,0.756000910835537,1.8929049972616,2.08350028769159,1.0833924365179,0.910224037600232,1.08783548208523,0.8929049972616,2.2833924365179,0.926091175433009,1.01508885171848,1.12523825900241,0.859245844508665,0.560488782875236,0.421978067393695,0.523392436517903,1.29965696664657,2.0179049972616,1.73801303978766,1.14932864070622,2.14155082740078,0.224125287691588,1.0703923350195,2.72937456600419,1.42594789057506,1.87711764819419,0.877988671676008,0.845270646338531,0.359788687809962,0.433544227231564,1.40600259638279,1.03809891446519,2.16071992857331,0.508743758309222,0.732073585054365,2.48447660682052,1.86092853039322,1.0284521968697,0.36202762722868,1.8833924365179,0.548013039787663,1.18575828537246,1.65429223210229,1.92609117543301,0.770190892534802,1.58350028769159,1.6318023975307,2.17541042497589,1.14905997188115,1.90551256863916,0.72808016963992,1.79059905580011,2.20164293974199,0.440488782875236,1.33770108200168,1.56048878287524,0.902680029700699,1.95195595715097,0.508743758309222,0.483057818554744,1.97983858007617,1.9710299972616,1.38296115901886,1.89382065238896,1.02793157322004,1.9356383739701,1.41067936706187,0.484476606820516,0.603860287689007,1.73096598053144,0.420873864755346,0.443392436517903,0.333553459919731,1.97985707915212,1.08783320020917,1.34819202835948,2.33992756554957,1.14443825900241,1.53527117064983,1.01223652270432,2.45850028769159,1.27311768389595,1.14271419374021,0.723211430155935,0.433544227231564,1.82192450876634,1.4710299972616,1.90586750950651,0.815927631634873,1.71928122390839,0.503396286369077,0.445279037720886,0.443660280289904,1.18163212308434,0.929697159632182,1.4833924365179,2.42609117543301,1.98859117543301,1.04293528772089,0.621690923736248,0.690624104047171,2.0722819315392,2.29191711473829,0.451377368019677,0.333500287691588,1.92541042497589,2.02320438359645,0.753150706045434,1.95502425706958,1.56426358200168,0.754531881552551,1.03976589274667,1.50874375830922,0.958500287691588,2.48693458948209,0.804657270841131,1.7874676136148,0.917238259002409,1.61916848736902,2.4433924365179,0.840488782875236,0.749778768216965,2.70981518816926,1.22412528769159,1.70752040206849,1.40048878287524,1.87945267767138,1.47130373088218,0.968026739103285,0.812245924561631,0.869255940361544,1.16048878287524,0.665417371721128,2.2940542305499,1.87065321556677,1.34712447414514,0.770190892534802,0.653017636249475,1.97817248000952,0.365722468269964,0.273811863070228,1.1663738465413,2.15102444304769,0.613238259002409,1.33350028769159,1.63457608200168,2.08194212715339,2.02601191139057,2.02918702549368,0.968759975586909,2.76329715963218,0.708759700759827,1.06429931386478,0.569239979043142,1.13712302250168,0.878349805261936,1.35795176248335,0.676151250005418,0.523392436517903,1.27259733418992,1.03943117305033,1.99243825900241,1.34206559514212,0.925410424975888,0.9085299972616,1.2483737472616,1.1167870696818,1.17771049584421,0.729617752109832,2.15323200130602,0.74864042257805,2.92859478223378,1.36741156005134,1.10021089389823,1.34751041069178,1.64342077044144,1.71749484451551,0.563048400239975,0.905257842099677,2.25874375830922,0.843392436517904,2.0335299972616,2.45323825900241,0.984233558494396,0.708500287691588,1.58025085034061,1.60981165792701,0.842937522901554,1.7939379216529,2.57192450876634,1.21917048437154,2.84207709164255,1.03720228654412,2.24258806549866,0.437238259002409,0.384161511182181,0.914508894061479,1.92733985724371,0.523392436517903,0.569302397530696,2.43500823322693,0.306038082095784,0.814299313864777,0.836799315153383,1.11906339548866,1.83245748423211,1.7668775605649,0.555013412914337,2.00743963274558,1.7668775605649,1.41136586712987,1.50346598182005,1.02700823983281,2.6063837334044,1.62801303978766,0.919441476534427,0.231802397530696,0.480965980531444,1.65692048077465,0.736138582001682,0.418498674994344,0.53720228654412,1.06429931386478,1.55415074453094,0.650435714219208,0.242302436183917,0.874085419373891,2.19876232110623,0.510268702908485,1.54961514450168,0.655766449453786,2.07631334151439,2.12679585466232,0.397632647198111,1.3241387589347,0.443392436517903,2.63682690222803,1.49778196664657,1.11730625526146,0.42257219364874,0.932037410391479,1.20442276994432,1.93971706673774,1.83350028769159,0.797789430661649,1.3293023975307,2.49693077150041,1.20336967285265,1.40048878287524,1.64912415089877,1.20850028769159,0.930589119827902,0.577927228755664,1.11018280617477,0.640488782875236,0.523392436517903,1.75610136746363,1.91017549943387,1.11119669947825,1.2679049972616,1.10008598546464,0.774124672126713,0.397632647198111,0.759524100734668,1.82753087133469,2.52150895147298,1.85820889450168,0.411625287691588,0.769697159632183,2.16071992857331,1.09970228654412,1.48950823983281,0.770190892534802,1.22100298789132,1.2433924365179,0.655766449453786,1.89705900168617,1.77306748550129,0.640488782875236,1.90466456525151,1.11475141577575,1.02645394742435,1.07526885132655,2.57822743120821,2.57207707462664,0.680589119827903,1.95850028769159,1.48069262494237,0.708500287691588,0.916939317602133,0.258743758309222,1.95386436192256,0.5296237472616,0.661625287691588,2.23592948086133,1.21048878287524,2.57133252422725,3.06429931386478,1.21679223210229,1.64048878287524,1.23224821640999,1.82140682819903,1.66129715963218,1.05618622121629,1.21352117170167,1.8460299972616,0.655766449453786,1.59276372013991,0.99112160717177,0.88843825900241,1.05082817784885,2.0918023975307,0.519281223908393,1.46119709657575,2.2091628351477,1.65048878287524,0.440488782875236,0.902680029700699,2.09801303978766,0.814299313864777,1.50067018432541,2.56639311168158
0.373140687030589,0.196963417130949,0.460418110540177,0.682004042971942,0.397793430689205,0.494626491133937,0.54201390746554,0.430358321824755,0.322871420716851,0.790354464064796,0.566361669933549,0.295911585665803,0.53461450811445,0.377638025798256,0.285403337483764,1.18055853747771,0.54590321962277,0.332829881139601,0.309033809271807,0.389854068588513,0.244088049745292,0.31453467840763,0.411850074357071,0.709169824880257,0.311684073726324,0.374839218363414,0.218511936081067,0.4948731598671,0.424832950054251,0.573972080540313,0.439010255776463,0.303478613709867,0.301929527792908,1.57173383218541,0.226463569842836,0.190171166131939,0.197144188374595,0.34522507671851,0.785745861925521,0.553093536214045,0.290870095673948,0.320011714957075,0.88080766188313,0.549780192415526,0.235137772920632,0.18917166584366,0.59845719693487,0.5061596667793,0.270975534840183,0.267325226515191,0.36944456086924,0.822511579006321,0.398207929341256,0.470880334390081,0.563276581594585,0.298299719845762,0.580664752011904,0.2402028605245,0.352086584507378,0.197745192042843,1.2241533436698,0.251537141271835,1.0255887369291,0.136144165224888,0.545197518943787,0.330667450701854,1.24135015617849,0.680814997482867,1.08396899851804,1.0938917663099,0.711723652182105,0.435594398534825,0.391538254960822,0.391664134874926,0.457956633980198,0.320553989651931,0.174609621284563,0.257777045281738,0.267330530746965,0.34837481105755,0.483730676215515,1.27328904545737,0.182505203352105,0.583720541306594,0.73051719859774,0.181964404121427,0.484593469772893,0.832916699939874,0.281935797717528,0.979550553609323,0.717170522861582,0.287396076713696,0.300421758758542,0.204808307491194,0.32011213105768,0.366605880013595,0.493102370949071,0.821020582750588,0.643496590172046,0.430951627242428,0.389747179987418,0.269594789997411,0.225767783082291,0.374395695569838,0.242431204293346,0.223510725737837,0.572815703993241,0.396644102206127,0.692666978554359,0.257377624838029,0.465184802665268,0.549475600333849,0.285570973122722,0.73856045811885,0.365376078779611,0.122460737677095,0.778688918847471,0.439814319053506,0.92886742156181,0.23010821973661,0.257603452369935,0.338352477487812,0.33936340278406,0.951187486091117,0.791507846033556,0.475305623871165,0.335218188881075,0.773173730624543,0.573206740046686,0.227695541405665,0.180932402185732,0.682578354696522,0.412616484475174,0.983214458260062,0.215169656591288,0.631494209380232,0.702590931855938,0.194590714244283,0.360316258578801,0.409264917066817,0.499805957110453,0.195974305073943,0.580924327139662,0.698561952892233,0.238894170910168,0.441657389370467,0.449348522853509,0.471750907969347,0.535014454377534,0.795605997686903,0.257089511220955,0.835310024174474,0.594378268818199,0.261815381978873,0.306789719799877,0.209854291827934,0.4705632358946,0.819306439384647,0.344453234087857,0.496785572181378,0.306995708258427,0.441177954097654,0.243135798417995,0.173695972307138,0.358962117358436,0.138046519313583,0.260823733941946,0.429689085883216,0.217250539034255,0.318227338417899,0.362504383952929,1.09113300916566,0.90771429941804,0.436105589282781,0.54179279390971,0.331242468487082,0.213334812445966,0.380839968983098,0.416238563836425,0.38974016653212,0.858793567798837,1.85445266894114,1.14500495360942,0.265853004115204,0.46569054423257,1.70651243569734,0.236169897805544,0.232046537409477,1.06927382665935,0.40347682431512,0.314837299987187,1.27299784164837,0.46149924674941,0.324992933776415,0.289218119678661,1.08773556571244,0.303927909827612,0.609673949936675,0.382164930997904,0.245115748014033,0.474293614295542,0.448447462977679,0.409039042748074,0.240130497517779,0.222517419564845,1.45949512096258,0.269797019679523,0.67764711554023,0.170798873584264,0.394155379166271,0.271227758747079,0.13891105381547,0.497120587498389,0.349579911926434,0.391785428414963,0.244574758930721,0.7299064620667,0.404997604782269,0.393930144922727,0.355081880340285,0.23812524315358,0.437984263741957,0.215703383496223,0.396202067378347,0.303070416330306,0.380183930561197,0.37549232717559,0.220506400003639,0.280536594137972,0.441472742745321,0.184763542219112,0.222879667484331,0.459455252263027,0.467383741221728,0.271393755605342,0.513842276116443,0.309851694748158,1.09427902024815,0.781105073906824,0.495665163475581,0.48924211904769,0.295455149028746,0.244904373550195,0.777199235774873,0.311679580757048,0.385849085160922,1.05659521787337,0.576627956797083,0.576768857729716,0.442047260859207,0.183957610875944,0.39369576977571,0.444709295723262,0.42052203816347,0.454856999378586,1.08545493616251,1.42244916862225,0.238820917607841,0.662202699662856,0.353922849097314,0.203325917080469,0.444800873715428,0.345494161172646,0.637399347928155,0.614106547225295,0.957459675892136,0.84169696595625,0.287011266725333,0.37309534064843,0.218483437158362,0.183599726811601,0.282159442440558,0.238141403947543,0.310171589678042,0.300718880848777,0.216898819459017,0.416840193517208,0.991385756038483,0.257588685230723,0.585817283240009,0.190744564286944,0.512957646445941,0.403702659699562,0.269991128314591,0.318016399641888,0.206685777899505,0.351879946730152,0.52072043284169,1.38572823557531,0.610126207909582,1.20498600208714,0.928406171042649,0.258516748472972,0.406380876112674,0.327612184275913,0.41882801711937,0.250673689401636,0.393773701003001,0.155917026608454,0.332291414118966,0.627609426388766,0.489437781413866,0.321082533803096,0.54718118166007,0.161411964875033,0.529786769299954,0.542005846809781,0.236705994381412,1.01560384942574,0.491806660269102,0.212009345938292,0.577750892969833,0.573904391997789,0.666787759324285,0.566819321727762,0.660294648344202,0.880182337826589,0.285596390737769,0.45925050907371,0.437434710175168,0.428912510059942,0.793481117912574,0.349430177634915,0.261933611858769,0.263415906027742,0.33679114906402,0.363156364500339,0.319880228277044,0.259108640541509,0.462117295745966,0.664823781076601,0.430262636908956,0.337258391274964,0.662566838522095,0.317563663766855,0.366833781852091,0.30211443916535,0.447777583652765,0.232668725267533,0.35923504350099,0.353016400930251,1.08544654604532,0.216349586100643,1.42721926905131,0.34571093382038,0.321472900084151,0.473681959230773,0.299785563377238,0.463784105141487,0.441239242101932,0.561448851553582,0.922310103547677,0.769704720281199,0.513141009160607,0.429944635509589,0.396708518643784,0.166501259946441,0.602105194107425,0.209561466049484,0.511492537078643,0.181626316216,0.869295679347344,0.309581509615901,0.264018118226527,0.237536830604511,0.250642048481784,0.510689966220497,0.481074832353117,0.545717338905108,0.872500678879986,0.385294127920565,0.351615025695834,0.395676767846574,0.149025154990031,0.858739105217433,0.38557574287715,0.431316004613394,0.619066110877124,0.664210633274687,0.246902691606156,0.374727620366345,0.299554839959863,0.308810073456524,0.428994565071333,0.818479553912623,0.920436777574011,0.263573524763143,0.444199319778789,0.558614581693548,0.498512185176579,0.742051743267571,0.296331129924344,0.75426980714335,0.577108796709545,0.190327744387539,0.545422873566266,0.347439159924264,0.535154757362369,0.553757608995435,0.445240494637584,0.47490448363066,0.356195123280072,0.231582259732145,0.355094488431965,0.465707259605551,0.421894892946676,0.350635637810224,0.124819225042589,0.500808807893238,0.353771842177626,0.391717848712536,0.835330524104844,0.493492018441712,0.231890702426165,0.496279898326251,0.232813689380161,0.454824931345031,0.313711841873924,0.324647887054318,0.487173880648941,0.411181169058401,0.480096296595191,1.13947143935151,0.227786330040009,0.427183979917751,0.458389111692678,0.868525121771761,0.255951526991302,0.364414716984668,0.356863667822883,0.110405313650172,0.632806746530918,0.544811830421638,0.534848823152634,0.286667733172468,0.626231265773679,0.34440515590857,0.911606079054499,0.58991952699797,0.399484375891817,0.215295145891726,0.238327413472426,0.470859310944862,0.341079288766853,0.295805701975727,0.302743064687215,0.578926353722713,0.67938062443194,0.745048680208688,0.452491827577633,0.27279801186688,0.307915785175119,0.356518008691702,1.02372377852786,0.478653628510171,0.366731906863127,0.637224036177603,0.3090471755917,0.163055366902864,0.67655339532254,0.314744788594851,1.15767660292101,0.22144712070822,0.338640729123171
0.796596520226975,0.762745947357122,0.78580295368797,0.475945462245887,0.837249093296002,1.10792343523057,0.704505276611761,1.01024632104308,0.747955200514583,0.839151117420392,1.18899283926727,0.675600199825555,0.959256692725666,1.07476352685345,0.916766674757878,1.02433837815777,0.488207715865475,0.799808270225868,1.05834648532419,0.863696846403565,0.6944449303532,0.944932059270419,0.62424997601704,0.76490465805217,0.592763478470932,1.05808972861051,0.759133280542311,0.708846696735676,0.941382787881736,0.595352931280097,0.755668977881105,0.969005656365076,0.873192230419841,1.22817531544845,0.726195191994594,0.745838479255533,0.673633966539891,0.88016558084529,0.821799103098898,1.22613225389877,0.876546085520024,0.761837285269082,0.679807286933057,0.833688631483756,0.864558992055021,0.894720800143738,0.716993073493311,0.639336826331099,0.6710159400873,0.790477377876952,0.774020998111681,0.773742036120872,0.779001044486052,0.635680918282225,0.769473332078174,0.528390979605862,0.526303901209465,0.888509038518152,0.792859167454002,0.510975262787105,1.01803909228913,0.809648976097779,0.703101561395355,0.78151749383647,0.77223300053706,0.847164991282118,1.29409637877327,0.795675697680105,0.790777982567437,1.00350606081602,0.581703545653183,0.824684590613268,0.620133744971109,0.860969599912863,0.902725216373939,0.575813994914518,0.917728838020106,0.805039323063941,0.950013235419521,0.751985079614665,1.12226020590114,0.85222972957236,0.777915991705816,0.722929332299524,0.7903034389722,0.565141592733677,1.05685447240825,1.74563243264809,0.621308309527543,0.743465318366796,0.924251830408543,0.770492153945919,0.832784040611997,0.496324018805493,0.591802857043987,0.931909911397033,0.912862751468702,0.716228015348547,0.800073578539735,0.777762389099833,0.81384973751112,0.666136373327459,0.721646805238398,0.907287029764196,0.819525247123187,0.592885378689246,0.871198020973248,1.26759591285114,1.00988636118053,0.620580523949143,0.923696822123419,1.09205019551784,0.777413015926014,0.825205454796878,0.956294249200608,0.533260200571364,0.696874169204637,0.888418622795665,1.20476143442474,0.575954676834935,0.749847665228656,0.957032344260031,0.730423746489084,0.799467302271945,0.667619001335032,0.909486777523846,0.910399941670474,1.29230502682783,0.585042450062303,0.87813249743325,0.626424933719034,0.85837261023451,0.646977319041953,0.685784701254622,0.810583692514381,0.800587346666839,0.7982650188561,0.624101267183505,0.840920072298927,0.618567034479008,0.764919031171803,0.851206037722288,0.689377919757972,0.954685994419813,0.537930291588364,0.776310391978832,0.817296575353993,0.689983733155412,0.700199959474493,0.96605972471083,0.96172136327046,0.978400108755641,0.928897222271744,0.646207308953871,0.700436792043346,1.06258301312968,0.883963798322211,0.911735472913939,0.795526553322658,0.621425760129945,0.634362365050672,0.882134184501175,0.392089711305738,0.848972018079372,0.81147680390335,0.334850951120186,0.564170926673041,0.57359222802421,0.437551677273856,0.842041467251823,0.800120315784141,0.812621951912992,0.790006968016399,0.552192658496643,0.751781693867333,0.736915953424528,0.963192209430763,0.854027421318923,0.999857559345747,0.82203727651873,1.0443791695058,1.08548861983173,1.10989243252329,0.573198970112137,0.751235938834776,1.23514898569263,0.647352302505328,0.645688284678962,0.80459090291692,0.91439557676798,0.8033794813332,0.628857001400024,0.755608966962174,0.805538629932561,0.353195068184635,0.98078067796907,0.812541457199582,0.721379982709502,0.796822176378731,0.752948573465046,0.727906845256693,0.876518666488851,1.05314778285086,0.889866618221427,1.02909493120336,1.08869612443487,0.664345570949095,0.668774562815105,0.491995038115761,0.667889334405301,0.7330505217369,0.945195981976338,0.815085873123585,0.630950123192262,0.829242435556119,1.08886974377449,0.814996051033838,0.641666788022677,0.99489862724126,1.04666362797786,1.00050814218732,0.811807710607588,0.694317957276331,0.885214527630498,0.686514301311632,0.826282423156748,0.743569603041296,1.02872990412133,0.966926663398647,0.719697887845839,0.791009064617746,0.417671067563024,0.683814789119929,0.808952314420562,0.786029517494482,0.729002472313843,0.897102834601867,0.735558299806051,1.18110853207152,0.7376129296125,0.763597143631695,0.751125072664883,0.732251159022295,0.943134510559165,0.877353558244875,0.845037728271868,0.744183984413406,0.997650321233085,0.562414336841959,0.760702487207846,0.602479619533303,0.553996734375298,0.720676276865293,0.864833426226088,0.794071957914446,1.05618299278955,0.85949461760679,0.911805633105835,0.678587092627709,0.871808880024892,0.620370502295477,1.01618099811168,0.648172996314862,0.778044739714647,0.628136627581466,0.80979753229988,0.7285227970344,0.605522621249415,0.913286813461242,0.828893286785515,0.677418583845747,0.984875975359076,0.768073517409224,0.688448266410522,0.637861789487316,0.724557682801778,0.382921679163842,0.768808650389944,0.858314116528685,0.943227430870349,0.8562956364205,0.733976792209858,0.841752621729139,0.613861731622899,0.689699023656518,0.587291201615597,0.681900390947231,0.816781435263415,0.889586044194403,0.501607026027548,0.881853444592696,0.705418241766334,0.31331427279766,0.710638023699303,0.757274830214417,0.871970101106996,0.672850495175962,0.974360817824634,0.560047835662066,0.730801359925285,0.42162580131819,0.637474667391897,0.839934561106601,0.797573702246491,0.815229216860571,0.779525711615569,0.645263513930226,0.318594030428081,1.36650214912149,0.74586554747723,0.813841284250626,0.514756200255517,0.877615999685727,0.667118095650752,0.672395329749445,0.836865035343568,0.866243446660806,0.645183101787805,0.590511862346579,0.84235503206601,0.872078611304333,0.831505413701023,0.765221729339835,0.692278899884195,0.854376060975474,0.746656092746601,0.516688949466866,0.691342647587765,0.843079490715689,0.808542651743118,0.655270142465715,0.765299761088454,0.899596317807366,0.89247903068546,0.838873014291658,1.01007355144757,0.778455807184087,0.848718860798071,0.701343027225581,0.697935878114319,0.993587205981083,0.951897744727473,0.626677696274745,1.32841489205526,0.858928721029963,0.790764793805965,0.983330093509177,0.626898808103648,0.84400303843876,0.887998285924234,0.74426342656585,0.993994245468083,1.04684741052,0.721917106122801,0.931430481574047,0.932776939653806,0.307065638757593,0.86731383966008,0.891192770947452,0.734483177036156,0.641745121643317,0.77758636973464,0.980258646814286,0.754176827897474,0.763600720502545,0.922077584619078,0.917167003746057,0.889822177880081,1.03316031818356,1.31516774617064,0.949522026161008,0.569535692379314,0.811993606436979,0.304649024027092,0.665126807342642,0.825424971746488,1.00353919543165,1.07882928993757,0.620271262170543,0.718667737917084,0.901014585952944,0.745474923891885,0.63299194693251,0.785987879860923,1.14816813446028,0.928069292137958,0.925436934101831,0.569720559261005,0.96417689713309,0.794797026494968,0.716198742491135,0.611016731734667,0.870080953652145,0.644377007723648,0.747128349733966,0.824869463472581,1.39787631862844,0.895464662298592,0.463580964105556,1.08114895374637,0.84087311511972,0.726411050026275,0.571386860033596,0.729739360142755,0.589299621876184,0.876346914084015,0.73614840624046,0.781515311108145,0.839915360187982,0.741777760148706,0.809415968977959,0.769352704326066,0.725247940526353,0.679594883627964,0.736760563716335,0.551772295546988,0.793190684787714,0.779047074858354,0.858371828698698,0.632640023535617,0.86427048772372,0.8917352375011,1.07451559760724,0.626744016511401,1.07848940934822,0.407003195052401,1.00383819807876,0.998402412471155,0.715264381357661,0.681067365244652,0.801059930167281,1.08917430308444,0.785979461540888,0.796911049814014,0.703705772395923,0.875565368044847,0.661217611634701,0.881899609695064,0.95040414916936,0.786818952107055,0.906253940883269,0.788619730676978,0.765022476728724,0.528477966415304,0.62949990628324,0.859119277080495,0.486640094880826,0.607098340220951,0.789913388047226,0.789726409175227,0.707494873955862,0.593381496803921,0.828795753984468,0.994776564929108,0.747446259390919,0.618722297220094,0.90321486884173,0.801590819983266,0.873852135778747,0.868188115320443,0.697283724173586,1.03281831800186,0.761304592234832,0.633456821996645
0.972927307986809,0.533040560813256,0.509401205993166,0.664992721207866,0.645348298743193,0.880615359626744,0.791531968234147,0.695393868532741,0.614337046687291,0.822388550895217,0.937270712342662,0.454579540236125,0.911289119653856,0.802165093104747,0.660770198054752,1.11254482795547,0.902803965706817,0.63083020464733,0.679998601746185,0.62454250926625,0.496130530744191,0.55568668054906,0.812452712024936,0.742926164289438,0.667446437977095,0.924455121875105,0.492979154177314,0.568360529094331,0.764655120415036,0.854681455674842,0.811829959641845,0.695062625937484,0.740347935083117,1.18862014206041,0.614176205059406,0.605712958405903,0.471334370481449,0.637856732410672,1.13756454262972,0.959647595484797,0.534113459871565,0.727170966315355,1.142474510193,0.661381769181878,0.678526337224948,0.586954696158342,0.6680338139829,0.964731791123152,0.620747386107012,0.5731422468492,0.685296816180391,0.614149397154045,0.684243020327524,0.576319185173889,0.724392587205059,0.784608002360908,0.76417651095422,0.634668897538367,0.574226031234279,0.614106032962873,1.02078270203064,0.560983910253407,0.718515864265911,0.623327668452417,0.846230246403733,0.600122466954296,1.60768114507614,0.754783677493585,1.17189338797686,1.00526375080545,0.996378231438992,0.816569310395302,0.609774085350314,0.619199026596493,0.895086041234891,0.838292743280148,0.599628070159974,0.607605733040724,0.604642873531867,0.608646964529949,0.771653066169636,1.03857872439548,0.534068725095818,0.739984826107471,1.00730445427473,0.427506622856273,0.814000919744487,1.01832922035109,0.663269223647848,1.42923752031356,0.862606447704044,0.777157541439254,0.886449919519674,0.608330331498522,0.652666068964702,0.747649516504851,0.703623586951093,0.984962565536236,0.66266871900055,0.601525819636342,0.610519001822438,0.551105736816636,0.536121217084386,0.694722806937569,0.459534237572195,0.633114119997546,0.696449641261451,1.00033986636514,0.76122985211444,0.563505825055534,0.801292297948511,1.12678974125129,0.515196374550766,0.869207165713557,0.992300378253692,0.530773765983833,1.36921281540608,0.761388466690824,1.0799372754405,0.653376507838448,0.667762996156838,0.634774652876855,0.576100260260611,0.857709031790532,1.02832173655516,1.009908605997,0.719993541294533,1.17857224767685,1.26107534189266,0.742965980429116,0.485144544643161,0.838537481052136,0.938897624972127,0.88722580602479,0.803115672854222,0.802681923060731,0.701774907847704,0.637804105149107,0.714310649710586,0.825484684385925,0.776356904680105,0.620500655608379,0.899858107831669,0.858432192245746,0.716928367621087,0.70861091433957,0.76687216806391,0.589371743720033,0.631476133945319,0.891580681717054,0.770718017786093,0.758878519981336,0.646906194775804,0.702665215770188,0.492927908169526,0.711317953181938,0.749621173672578,0.81939684159412,0.604447691158058,0.762700492381739,0.79105458406004,0.606650821827495,0.742922934112918,0.568246478464164,0.621106944887716,0.29466825496545,0.56239473298807,0.776852675083612,0.574942238695441,0.594728614505275,0.654516405149184,0.775475000415183,1.00704792113719,0.825140920384681,0.95714659320957,0.691867508280061,0.655871798658428,0.572916033717194,0.959740253664554,0.734334225058927,0.788845336598238,0.991256621900043,1.20473970727356,0.592682633260994,0.993942548745344,1.12196480982001,0.580223276565147,0.619437049160262,0.953526055798442,0.658559411961502,0.733441611851234,1.06502218413822,0.632605404394059,0.677013651956516,0.797422446613032,1.0585878725763,0.545994052201682,0.8927756213509,0.741823953132773,0.63737453972281,0.634268058551619,0.680603240373625,0.787132580047362,0.567893168684624,0.673260857779251,1.16096812604036,0.541314235782584,0.882723707064388,0.637495034451819,0.563477678758741,0.501908986430698,0.570478290767845,0.793697611120619,0.567108577073931,0.701009445096876,0.78827896873167,0.736054742005454,0.666270108737175,0.653818775479113,0.615161974222737,0.753126228154609,0.758737508871149,0.54323690439674,0.661680644434072,0.70270430820215,0.7098683611827,0.565576051284606,0.656464814186577,0.737667325851048,0.562889843224671,0.577904152403064,0.600103576103297,0.653224791600034,0.577977315184223,0.659426548460721,0.765078975251403,0.779135975437949,0.807209872497378,1.16759711756788,0.997320974836418,0.668036816411121,0.674549377039147,0.520244957400219,1.30939659637838,0.552227201555842,0.685710462782851,1.06291320412415,0.82379703345603,0.89345425015886,0.648127978205807,0.683927498910659,0.833345826719367,0.599475186653397,0.638438516646936,0.769646073819871,1.30762240537578,1.61826931682131,0.586882867020629,1.08379410299208,0.611515146673823,0.471381968986781,0.77581103929058,0.480392345290292,0.751551274108968,0.737043243488181,1.02392270626638,0.912477969466342,0.69849269321121,0.705610479841099,0.640259218525126,0.533772743799986,0.722346699835548,0.580061127985194,0.798614496350635,0.708687409408578,0.491672435270076,0.631449238486581,0.867452367105524,0.657839098658252,0.681183570410744,0.650859842596212,0.685623394796462,0.744742131658808,0.540631211172248,0.829435606666624,0.544813963012275,0.505371720646185,1.04549398153539,1.06412225131834,0.6686755532971,1.19955440045182,0.909781789360529,0.790123045493746,0.580898735203177,0.794447027968596,0.571631116105184,0.511963845782712,0.756216847170697,0.633475299846462,0.55920691777233,0.61140786555898,0.665581724154978,0.631130692946276,0.858738324773875,0.552421908050865,0.501988383060513,0.774480986457233,0.660157882729822,1.44426641059204,0.57038606531968,0.611271060519544,0.809117366697785,0.787616744402722,0.737548029811254,0.696353228271289,0.756403021234399,1.08510553533543,0.83002170336389,0.908981054320363,0.599680262092467,0.653101553418655,0.835193035723331,0.663560530962412,0.869986235033581,0.85020462374533,0.610784832906006,0.595966573728534,0.665716338105321,0.598298158511328,0.778834141705242,0.795867181920339,1.0493866857387,0.626130838947954,0.721850967646764,0.556306530529221,0.510694505533846,0.653328852038053,1.0973765088896,0.511018809825199,0.814208202879657,0.725687172623614,0.917235252976752,0.427938132907319,1.49993472702033,0.581130532797669,0.712741413610052,0.717875748257423,1.16038258859208,0.68652548473711,0.689593826306219,0.887047910880006,0.748250553012535,1.02496684942361,0.80740560137596,0.629783522129672,0.62947086414063,0.460465559283591,0.869196880494132,0.655037545864147,0.681754498838651,0.438942074067448,0.742487708626202,0.83803374217968,0.710227054589914,0.641258198472013,0.641733297480605,0.719325194639433,0.750748605200774,0.982514298708167,1.52791161492188,0.751946705709433,0.729959701547037,0.664858526002324,0.282725704532156,0.965706468318659,0.746724638029221,0.921602322257608,0.804310634755921,0.826497543467188,0.557008356759308,0.589973510027994,0.642316503910108,0.572688831083339,0.610751387353184,1.1328927632115,0.764138406438052,0.712627941154571,0.861353631925513,1.04290225627655,0.715159268499712,0.887238881865206,0.676332520502302,0.884531874111283,0.632208908037981,0.603757790035868,0.704943094793013,0.678715459012437,0.68417687063584,0.741846461558884,0.686532845100976,0.608776259834324,0.620977001152294,0.576400814273089,0.662252311841465,0.552217973715914,0.620703647946473,0.516143778043039,0.546970562764046,1.08567670791997,0.603474234921965,0.691741582454671,1.12310541240737,0.601448660627159,0.461107864104761,0.577147709201508,0.569752245413467,0.681183577982963,0.804982470833136,0.675712301908026,0.839517365416387,0.74439404702712,0.622169941802044,0.988691954395055,0.54383191326793,0.857206064539402,0.636107077274977,1.14293105872688,0.59295701827389,0.667085726743232,0.814340823704954,0.619608215158912,0.889284166737646,0.834684184170062,0.916474235035443,0.547274942589771,0.686173140958767,0.69399508022106,0.773906029275623,0.784240061653792,0.538749967306232,0.677055297061147,0.612075701598369,0.58816088777704,0.790646325946912,0.617599644064814,0.506156909899294,0.798529679675355,0.761616915033262,0.825553372926264,0.741258342300578,0.474154884803416,0.770527246370266,0.630021515776184,1.03655630302877,0.608254605412284,0.864906318807459,0.781289660568144,0.785317655014138,0.576273895109437,0.664392507951799,0.689787725380493,1.06410252970288,0.599753295214721,0.816603740229504
1.12047997280393,0.804301963184972,0.945082330676855,0.445474991697738,1.07722348216533,1.35557299811168,0.829629076109145,1.20776445556255,1.0826811392662,1.38174687839562,1.35607718170903,0.942635503196431,1.09266133810181,1.2308068529893,0.98343245398377,1.27213218065103,0.754508019162587,0.80610542526671,1.08888354479753,0.969431590829013,1.03420163411862,1.10198107578388,0.984125889534289,1.05080158059893,0.799661288925655,1.07882053355884,0.911700696223866,0.815219162698406,1.18190704854538,0.843364691677381,0.988364064382706,1.18452210302009,1.33033352353019,1.40829399141207,0.823115403309487,0.878097027303562,1.27229138520317,0.907902644653615,1.02010980182582,0.828635992665996,1.12676216901624,0.895125440515004,1.18545165458647,1.1100557999608,1.02596901737967,0.913624997911851,0.584556233569236,1.45021765570523,0.868805310918231,0.75577153034348,0.938650028094731,1.23749910404717,1.03777575114903,0.753964766258874,0.844998778453824,0.667553654192435,0.868455164558339,0.882255557972715,0.929961536867181,0.732137980585573,1.07378224862681,0.909745435214805,0.852609091372246,1.31209240291727,1.06905316642213,1.14230185537184,1.28098043472288,0.656926135055725,1.17146290267835,1.12350831968873,1.19722652344145,1.30873275072614,0.7981010702854,1.07032880098284,1.13058681463768,1.03680929051297,1.00061598672035,1.00679952603564,1.0535758935996,1.1712773434531,1.59532529449041,1.15445322114212,0.901714655427265,1.06626684931731,0.881344563085605,0.741427554165352,1.23136004233951,1.69219015974486,0.927911106718522,0.923743573772866,0.919412137054562,1.15121685101477,1.10222346522808,0.686483198665106,0.796910436938834,1.05479352186443,1.04955239774277,1.10800894921952,0.892152396181047,0.908037857197912,1.02646008603741,0.864900409005854,0.735636283555582,1.13039566955609,0.896434015337795,0.793308678922891,1.1618720980156,1.16348531271446,1.20283146662298,0.832019509735193,1.10675673175371,1.09887224908395,0.908572521844226,0.973961517755357,1.03423669231244,0.512502115815435,0.953451421343869,0.878492705576548,1.39453192025772,0.813573612517014,1.02253646491881,1.23261228609129,0.994856759310899,0.825264903551708,0.907204788020665,1.07129284825149,1.1794354578147,1.42133329565539,0.857563131759316,1.10087685674729,0.771203787327579,0.941469663542926,1.37496567098943,1.10468250994121,0.927537749234343,0.878547717131306,1.04479057662957,0.873910652298689,0.765835091401969,0.929782813164811,0.946751432652228,0.843152261438225,1.02636061724082,1.28312527294463,0.880445685129311,0.963741968769449,0.811451316375859,0.781078330445144,0.776968196407702,1.16572694044676,1.04687912423613,0.970011801162963,1.24683825900241,0.72618416667768,0.935735992292185,1.09403475538374,1.07495030316669,1.55830990310302,0.860754939968908,1.02054691243994,0.618093658259305,1.16433707863748,0.569157481844231,0.748643591993765,1.03667926748038,0.270085100279184,0.978878963622475,0.721101072235926,0.678827531573374,1.12246823877335,1.05614320308975,0.965138016461432,1.05118967071616,0.950065002468347,1.09330811438799,0.797295867425518,1.07056515700243,1.00728509140017,1.0193719467389,0.741326255074887,1.04123570868412,0.976592451579471,1.43456548184423,0.856049841655861,1.28920234809837,1.41448521816909,0.895794287098019,0.914816772608527,1.07953123914498,1.12760283487295,1.04290625800273,1.37136362266877,1.07049906755427,1.04851826497056,0.745432466318455,1.16750393136622,1.03899364979916,0.895229497405479,0.498267427902166,0.788188648621492,0.751158571286649,0.913939644625344,1.36068381901287,1.13508847638939,0.911448474141859,1.48238260741391,0.794386033871867,1.0411281761919,0.555894304746513,1.00447940378559,1.08525601905682,0.813664017899488,1.13599814313687,0.852438611999529,1.05656089794543,0.996904206610125,1.19401535319666,0.981461637957307,1.05178213231629,1.16677302140337,0.913959259588095,1.11945429368943,0.690574513389574,0.93496425890808,0.817689551721335,1.16447126033335,1.0869796594658,1.23929840875367,1.40186944005185,0.965690411421209,0.980388999064952,0.636896938582749,1.06074700963432,0.873331053911915,1.06054925317544,0.77635349873375,1.12885867294215,0.825124939209484,1.5511615927909,1.1747332153406,0.992103183863742,0.92451702302702,1.02260358777334,1.42028031026531,1.02317105487758,0.746600740452218,0.727609531929259,1.41094526532339,1.15642148436775,0.773913083234603,0.802185691321652,1.17839936763621,1.16574622449765,0.94685685595206,1.07013016134073,1.60058729594859,1.32894380547967,1.11943954227969,0.932104923384762,1.09646819398972,0.725201312814664,1.29952767557722,0.777438849473414,0.897630850203124,0.390240452859208,1.15704755474926,0.944249232907574,0.991662627400412,1.12602166720903,0.632036748561803,0.833614464076252,0.995251596720418,1.14533389446743,1.24579895876018,0.915514046113101,0.859738956735609,0.606229214746589,0.865860798265408,1.04406098308168,1.14782606740138,0.895539114162684,0.932573672566791,1.49809158463087,0.91573434446986,0.832112793961392,0.964936650750589,0.661753454825002,1.2183091277736,1.346988465221,0.38040185039182,1.44658900922443,1.02460402125277,0.784789583727926,0.953399116180175,0.944859921128393,1.0992158218272,0.977943826941792,0.935917030973082,1.04395386796136,0.858365758326754,0.481573513926298,0.904512959444873,1.04532849931876,1.31629320322358,1.01301278258739,1.04530035743259,0.949606735473151,0.662963621024625,1.40656126068954,0.870365497168776,0.783468693831225,1.05926958094746,1.2121281065625,0.526597014638452,0.89421684704294,1.02390017938417,1.16331330485605,1.04695613783401,1.07908422687455,0.965051633367436,1.09809865180187,0.631168777956486,0.967687530515501,0.686443698702421,0.655172330310917,0.958069563957872,0.969294804227395,0.91725878061109,0.941868992747107,1.07655361282474,0.97063696731316,1.13172253091812,1.26723761978512,1.03466784945809,0.757057754173736,1.29044639811672,0.885821402545047,1.59410551614008,1.03345258790996,1.16689601473652,0.977466233152409,0.894463371435022,0.916837246494502,1.55456285898547,0.941774255969816,0.820535097088363,1.27874370788861,0.994917490276048,1.02132248331295,1.17144524203889,1.04477098650061,0.646323124677193,1.14356336427797,1.01449368278557,1.1316225268538,0.979644007356892,0.395267399206303,1.19273371588285,0.999170498146893,0.922176366991136,0.82968056690327,0.754029342623473,1.1104091111613,1.01595561255773,0.983651710863076,0.92447986963144,1.11917406788509,1.06831561474884,1.00461722816691,1.58632993498993,1.14036151761018,0.749086968672226,0.985507499974595,0.36714078494578,1.17717676610184,1.02375305965673,1.0910207980025,1.2681408184086,0.555369513646685,0.757320484611616,1.01346897432625,0.952310207507926,0.696847622214735,1.05626015136021,1.19414331551121,0.866760816571112,0.971418751760998,0.805212864084459,1.21982331864346,1.00104006200972,1.0091348134295,0.698927967684488,1.12556326973811,0.81188089175891,1.00301157941139,0.945611296857981,1.9533648874119,0.977785036711149,0.991268646860953,1.42363858200168,1.00066432709028,0.847879760533636,0.830495087951358,0.915826238083024,0.69919362437349,1.01923102159081,1.01966686072882,0.72158978725467,0.965589044604512,0.860717531899103,1.09219552008323,1.22480876593006,1.28751997835861,0.968467211429835,0.889428859604143,0.736113241509011,0.90602558034846,1.26233719234091,0.848863134818395,0.885074476446488,1.24753991981054,1.13965533915224,1.24171424095757,0.76761786998495,1.05085035748914,0.364307420863616,1.25973540285303,1.12394939116406,1.25325148599269,0.998039663687127,1.08694566988733,1.20843654009425,0.866596369396525,1.16266175557354,0.731330572603185,1.15581482989827,0.682029275939319,0.939318688723887,1.14801303978766,0.980229176984882,0.898390638072865,1.18720309061559,0.934222869064254,0.951848758961194,0.932779363789014,1.10841901141862,0.692026533100152,0.914596195171701,1.00277480986776,0.948399420959227,0.971613787967722,1.06443375429054,0.99072721055994,1.2662800070214,0.979113821968861,0.904905466632939,0.895463045570341,0.870157149358737,1.40830609921495,0.910786146360898,0.848434097894035,1.41729655662278,1.17350583859069,0.823339367890524
0.429223363510904,0.672179776799148,0.915807487821665,0.479922285800152,1.24439659185945,0.97092147685732,0.702455932331329,1.16268901568992,0.941839378230876,0.931780805216264,1.3621082983713,0.790775991753923,0.535231576106329,1.2522781882895,0.994385486157776,1.02235307408278,0.351993734946459,0.849704924501958,1.14688959839532,1.03567548657205,0.854070734029558,0.941357394301836,0.657814906906326,0.876264887825298,0.56949685606858,0.692872629175963,0.793484723262706,0.850357935182971,0.940266458296873,0.685935599911685,0.8655992617168,1.06066661819408,1.04982014467581,0.975151838016814,0.64659178758402,0.661554604632412,0.84269314096136,1.15817623990546,0.415973174638309,1.18006175197258,0.902812104858675,0.808702516671633,0.525951161019183,0.991889527436887,1.03679459494503,0.930329382318092,0.745538675732253,0.705939023754244,0.516803231874528,0.371032759505507,1.06778230622685,0.737475490852588,0.965150900409462,0.811439869983428,0.976390599616072,0.476965009685076,0.423801375952425,0.554547642587746,0.969373528453541,0.262099549999035,1.18216417635504,0.817433964399042,1.00397849826574,0.607365659997924,0.937817244751057,1.0914497810194,0.96374608874265,1.02800498679334,0.848283407536262,1.20708539046556,0.445993896410012,1.20663038820245,0.791439742715776,0.793874010352049,1.01810698640789,0.412479039153841,0.856741661932479,0.806660132164892,1.15134894398834,1.06577119373899,1.1166966438482,0.921908089486353,0.578020099826224,0.735163161192195,0.546000153744231,0.408705461589794,1.20649566050475,1.87859544509326,0.651957566189624,0.689282698952339,0.817585704658706,0.728034918252568,0.887179231209109,0.393339903292533,0.714035106858519,0.944070713818093,1.12979785101661,0.576694774623524,0.833042156370959,1.0026039582028,0.971797516842226,0.761869373001212,0.930907807746752,1.04509066819334,0.966104314379028,0.576432812577974,1.07551678559822,0.966667347962597,1.0410567805361,0.942377718491428,0.945186181967038,0.757594577930257,0.839336233308506,0.784657120787661,0.715291702089862,0.243793860889165,0.475739445816754,0.96543063871385,1.27796891975129,0.283909625808073,0.611558605851291,1.08692377219767,0.89936567466049,0.908004800178478,0.463090395335464,0.388392787202637,1.13103612660063,0.816173065400964,0.330581443815033,0.875521442112679,0.629732371343731,0.911042496716463,0.395714803168584,0.708050255375213,0.505454188065408,0.862328133885831,0.932183957281105,0.541607963906875,0.927169574190344,0.371621606769128,0.976254794281256,0.861304504200879,0.707051340615071,1.18204999201053,0.509707527648729,0.925610664716703,0.788478096479012,0.774929816663804,0.704701863245313,0.933712194235252,0.789051495775411,1.14841643075071,1.05239820874052,0.395824375946682,0.883897284566693,0.844700858018273,1.13064951138789,0.913978151222873,0.987361148575837,0.716068645716252,0.380859581913289,1.02071617261898,0.189483178868743,0.827643396015481,0.874164950662323,0.168722940323769,0.666624247538529,0.283459463832471,0.2777972963887,1.03192653126292,0.933889298749663,1.00915117725056,0.864165158210742,0.612625071926072,0.642724949455486,0.953739687272524,0.966729912975098,0.813280165411983,1.19651484174205,0.821788762616809,1.08721540820871,1.43777038457692,1.36255001522443,0.572449352945118,0.485720194761818,1.05192603937162,0.604282699796859,0.768550417675725,0.815293463716135,1.02836869725001,0.678666990238812,0.525395373965515,0.883015570208594,0.76304591762092,0.227907528731953,1.32647236128388,1.06454480719019,0.7113668724016,0.454919393542983,0.424104378757764,0.748035767468721,0.952876323135295,1.27845731201285,0.761308113140089,0.740488504690814,0.753050092357503,0.661582604106232,0.569653130186372,0.41386933014987,0.79730894423535,0.800229862387631,0.832328756060223,0.96589796308549,0.634015845902277,0.878937191383451,0.464611072452133,0.967166402774948,1.07911639765789,1.22565197412111,1.11502017964681,0.669550755709137,1.01824329691082,0.369933811607058,0.960411203071447,0.555051391947984,1.04617820182901,0.851739942977251,0.706943325219272,1.32173989141227,1.01663875591023,0.602032208046301,0.195588010014178,0.788264227253254,0.931968947205378,0.88226058849569,0.93265390759729,1.04090365555115,0.877165675253254,0.721041797821786,0.519909259588089,0.894428626481521,0.917697221597407,0.871191551732657,0.544510576641906,0.91053235647698,1.10425328408881,1.09536750479755,1.09784390053359,0.419810277393979,0.802267969624062,0.460589975596257,0.429301653458876,1.15858044056085,1.01411807307651,0.966335424269665,1.01313661622559,0.986462711744056,1.06385277742892,0.306621593503682,0.965913692712501,0.44372883429737,1.57025881525917,0.843201544873517,0.837498595911599,0.363106079925667,0.550168038581441,0.744167913859584,0.621204524668746,1.14392901019839,0.54103450413478,0.859851656526236,0.84503839339444,0.721481509532748,0.804696121733775,0.64088762805226,0.370010662493302,0.299397094952036,0.902099029417385,0.978854566152507,1.1083013900477,0.595431725428092,0.927287581148138,0.84736216877576,0.672877153220985,0.314821291384101,0.566747951353835,0.986929764689218,0.76446070677156,0.706464261019147,0.378832712541294,0.741236477510185,0.772556571227767,0.187364936416876,0.886955006131167,0.78344522186015,0.926863730279667,0.557086966272726,0.834350182206239,0.577438737040234,0.827795538519334,0.37766471026932,0.666024235136298,1.09006965547168,0.617933923309432,0.693401358131841,0.866996121152507,0.673049689807273,0.193682056855789,1.07513358003608,0.833120558056182,0.755629713884067,0.46757627540143,1.03431728462285,0.487293905852433,0.555767571548845,0.814868344192363,0.895935795545473,0.536704318181017,0.496003898377298,0.974157289513767,1.10374092162183,1.00851371443467,0.890857279828683,0.385994940564652,0.372760032218763,0.811645288220785,0.367163437964077,0.659069044713781,0.725944650898078,0.970795790866064,0.612277982840573,0.434203347215774,1.15535038949929,0.888616892371529,0.951593499883392,1.15422777343398,0.750126202577422,1.01413481565432,0.793506666938755,0.448786923232455,0.966553004335139,1.18383698013603,0.332094447879542,1.09673570051678,0.746558151792744,0.730911211581072,1.14683768385195,0.353016327089467,0.984706344784251,1.06123275714861,0.480345709589515,1.28128852130774,0.609767058888173,0.509301072835266,1.03651331935544,1.13997070596429,0.1413703349667,1.04770000037373,0.910802544776207,0.886086043300346,0.474358358451897,0.865473324994247,1.02024019206877,0.728658221492407,0.613610125558719,0.587303037962335,1.06370795642356,1.14850572513601,0.924150539816716,1.29487571525942,1.08904673369167,0.380531014705879,1.10454971975775,0.151000825798107,0.704530896678138,0.906942508946618,0.99630990031368,1.29983670283666,0.516888426342759,0.652328488679068,0.937733869118781,1.0278909064961,0.692284893919591,1.01742562083666,1.00575687993193,1.01397230867914,0.843170749304882,0.513897356166098,0.502349988528066,0.999422201162382,0.688262339449475,0.532601106256641,1.14732836184423,0.677593503964655,0.732978397514768,1.01452110188186,1.58662968856687,0.892387299103723,0.368131902513361,1.38043571886156,1.00831605223443,0.90713737923367,0.607672079734617,0.835144637633844,0.637536528016194,0.98900044125624,0.79251407742679,0.377203256569766,0.526042656985192,0.704205259243003,0.958501293820209,0.831453978315256,0.886529374550282,0.629044863767068,0.984153589819364,0.560822008607968,1.00915114770965,0.657958094020288,0.71657670435645,0.594842848106591,1.00380328506854,1.10014627329347,1.07715876244227,0.616776412871768,0.808711819298885,0.324799386402417,0.79311014136296,1.05980958311251,0.936832764926006,0.542444207680065,0.584066103729695,1.25807307272286,0.931848822569422,0.695807927250384,0.889887275039057,1.01823258546519,0.373774279436494,1.02983177599033,1.11452323308853,0.469887428175598,0.888811145727628,0.894680798038844,0.949980291243512,0.464559895338544,0.474360090603281,1.01136598208179,0.474372252182795,0.469056426333727,0.904365950045369,0.929563239740552,0.91262360094418,0.520842528712509,1.11618398444103,0.697302122030198,0.848232031554054,0.637663499974597,0.949285429104873,0.742784302786808,0.903219278257325,0.987243143316948,0.499291965594884,1.08492755027927,0.692651552502489,0.581414072343365
0.417158848355405,0.720007903458872,0.792962144093903,2.12854608779384,0.722915060422278,1.04697190681313,1.00023851820403,1.15250865361454,0.844821790080192,1.02294887652714,1.32073344859325,0.798119753243597,0.729753733734414,1.22037513974824,0.936966191203937,1.19904880979278,0.487453219758148,0.758573844856012,1.17230116932028,0.967522462746653,0.900622827387194,1.12983252930157,1.29653006233429,0.704533114745184,0.703574487000266,0.636423749148301,0.83515359059224,0.787276727668884,1.02665643900455,1.00222884368136,0.975918850595942,0.915996045358365,1.04928734840433,1.11803705543809,0.607142934775455,0.624314035920757,0.860250085993038,1.09167850280362,0.669044654120224,1.57088127077016,0.921490179680229,0.759141775868759,0.774651272251152,0.969957754263051,1.14384421472799,0.952628540137293,0.80428137432695,1.21697513022448,1.03826406513345,0.653067794259885,0.944094692878047,1.24965798327782,1.1557629240374,0.820315077869231,0.79767588435708,0.873099506691673,0.729157912860555,0.460939808429994,1.35902530859002,0.373310845712844,0.967766281154428,0.816863104943474,0.976776263871798,1.0801307968971,1.07787229563926,0.983572541986098,0.972865108078917,0.850500017889107,1.04102228928804,1.1036176036121,1.15767869601682,0.72382694316529,0.829177253442414,0.940044910416702,1.2280688285612,0.829047657456854,0.896653555942258,0.858878320045884,1.07983736909286,1.0079676130624,1.17393706928343,1.04478645072782,0.599771587614636,0.791520269354153,0.813435173236508,0.762385379604596,1.25109005323365,1.70728755601822,0.806862629647884,1.28746966511659,1.08471872109486,0.894963974554481,1.48925607992752,0.52869288242489,0.957438137451492,0.975736350324443,0.928938996786409,0.696378858300615,0.843909138230926,0.938061537735063,0.965721104179092,0.73488547342996,0.990183735459054,1.0062258053666,0.852129928779456,0.628262411734481,0.964075266044611,0.702625879689027,1.17378005367076,0.923166427847519,0.93718528960924,0.789273651349344,0.890279518119779,0.855338807525277,0.743296392627669,0.341134419282114,0.812133066269166,0.90023792818807,1.11128715193589,0.300413392779649,0.789085931912353,1.03373591694727,0.822854775278004,0.880415683297979,0.551195465648388,0.440016690935395,1.06975921190773,0.881944626720811,0.80983680591791,1.0530938310003,0.656762008473438,0.86425378311685,0.508554549734335,0.858585357040618,0.565978584277752,1.0012163183819,1.06091163461005,0.602652379425901,1.09212749891066,0.761201853494829,0.792035996370809,0.935114045039011,0.86127350274655,0.885473710775995,0.661048600918595,0.856061641793097,0.777422660070493,0.782967806831133,0.662844989402364,1.13782524331308,1.01391232068175,1.02358043491791,0.939671840408413,0.647192196934395,0.883056458040695,0.808757607444369,1.03680070367293,1.05306912095965,0.846805933417889,1.20235349839705,0.487636765368341,0.988211961478876,0.277791424061969,0.842453325671823,0.854653121536285,0.348193149204951,0.747463416539528,0.561073624481953,0.460049599956851,0.99915004273599,0.801766556192879,0.940170129845589,0.898012512183187,0.972904687311073,1.2040474571424,0.877660458671615,0.938428285817813,0.935775170227484,1.26746527225564,0.851546582264346,1.13088017479428,1.23387276125929,1.17150530378899,0.687673297064911,0.751592561634237,1.16537377697625,0.852152425926616,0.764267370370093,1.02690117047397,1.13799617238198,0.777039587162056,1.14219547205475,0.81464313640392,0.903173029703032,0.417855278143873,1.0885995675717,0.957688042098251,0.975851367954127,0.838915378100935,0.383515701820555,0.810312675048184,0.838254116383382,1.12436341143704,0.853719578880988,0.684181796475556,0.942001012993054,0.732644308256194,0.815792881689049,0.576640461267265,0.721425969019333,0.817261102304247,0.956672800863228,0.871460443396869,0.680076144055727,0.874958497387442,0.731476125535639,0.935585377296031,0.693774497657534,1.09437028751207,1.10483072296171,0.607727573848589,1.06315576543116,0.437202862059576,0.893374866884999,0.686781785229566,1.04021993009543,0.906182607388602,0.952378293268922,1.2289404683389,0.910625884616965,0.63160220975497,0.29570095159613,0.731705205395903,0.874252833971706,0.944602346986796,0.900070277018311,0.875292825897619,0.929370161627835,1.00196297588236,1.61753309226606,0.7908292307707,0.999512898593943,0.838750725386996,0.769753270808103,0.94730711267453,0.988779811548913,0.926036062967519,1.16536594555728,0.585481299403698,0.725335141771207,0.621645577517295,0.636441437302859,1.12029200603848,0.985949736010848,0.851289410544054,1.49103506472807,1.54847696238871,1.08519487269762,0.328172664900144,0.954156773988517,0.699062387848329,0.991416583296885,0.670240906521756,0.587705505015215,2.18762160278445,0.870246718397389,0.877234280587143,0.688743037304613,0.967987090889295,0.605953414151785,0.837889962053697,0.816274868245309,1.06289793007858,1.36161145048293,0.782044982546497,0.612958679994558,0.547968479483131,1.15770224574074,0.942581718490644,1.03458584365242,0.665535663865703,0.929163825048425,1.31916140686686,0.644651147522925,0.437761074983143,0.652562473851329,0.788655373962616,1.79515750319821,0.91817954374487,2.06041830646472,1.04863277435971,0.926877604028082,0.269527061839641,0.886104183958101,0.878559593223531,0.861522535229352,0.934158994821784,0.761070964353581,0.836775926410528,0.81958457335257,1.69770437246687,0.799028080041211,1.05588234924499,0.811091754749774,0.798566163456581,0.757121038164524,0.715560482589133,0.456119870605524,1.61282504313735,0.851321864061933,0.806647739927835,0.738293621191349,0.846112207043788,1.85446497641305,0.842074729519118,0.844755767620166,1.26599445631933,1.42818001226306,1.0574796399799,0.944860209409112,1.13062786722803,0.983135009839537,0.883474773878931,0.692399995042029,0.397659130920383,0.84073516096006,0.677516943285098,0.695609569792992,0.728088478131814,0.946267181920338,0.924433516258873,0.674219166187465,0.842484610825794,1.02516573232539,0.891825686182424,1.45395648139457,0.728459140938621,1.70883489541288,0.833735482082174,1.23754060560346,0.939967339237776,1.00490325365277,0.530720707247931,1.36604653079847,0.911335291090445,0.752714897601198,1.07157015039612,0.609616396460594,1.01010877923905,1.02424644330498,0.654384125986637,0.847319403910036,0.768519955521427,0.649001252419631,1.03115542988969,0.92155064705975,0.204213487450853,1.03540715236486,0.856788427638407,0.894254996926917,0.780323467902896,0.756895471856848,0.97402044119169,0.845783008208326,0.733264509900948,0.611943438996169,0.96586657961794,0.998179991643864,0.838595477123667,1.20670222681787,0.928592963521512,0.658341867774332,0.825927661566562,0.282858538630626,0.884958918472398,1.19216210638707,1.39931571633715,1.11729751081322,2.09460423889786,0.645882931724245,0.89095835805284,0.872096677924395,0.65242046985485,0.947147310204454,1.15255214286834,0.999648361379401,0.7599343996947,0.677222406948323,0.579899038347026,1.00303624081544,1.23834202561694,0.648461628360832,0.763207534286802,0.70298835970328,0.857311813059675,0.909600312599992,1.84546701387149,0.947917088917841,0.627277450551532,1.52075988771366,1.12968259921382,0.78465972147062,0.610271036259593,0.94403826284087,0.687494859176322,0.932355758792108,0.795910013154345,0.507388007301048,0.811986556163213,0.708981732516951,0.950242253415806,1.39011375885306,0.905277318965354,0.710134812799092,0.875054284194454,0.590407421273231,0.920336362056558,0.945944167337228,0.759826953357996,0.986956929212689,0.966209934949441,0.956393730443345,1.13951094627614,0.625536227570655,0.671786557231029,1.97597423812617,1.13552675061848,0.998242293043263,1.32004778695172,0.671205270015015,0.658654197707394,1.28960022312003,0.894522080154677,0.916203991853487,0.784062203618072,0.916793604675606,0.446665694563633,1.02639127825534,1.03426136322489,0.689034881093444,0.845636493780331,0.802132763289619,0.903220924239388,0.782481474618915,0.454866085689875,1.00444554399247,0.598285234907689,0.830028232488679,0.960889095902131,1.02762926008194,0.760873121149655,0.983191597576791,1.04668205806826,1.08375257674983,0.967737194766746,0.921745421054364,0.908111975753587,0.881341276912271,1.54494579610383,0.820565858774919,0.632582991515583,1.0000215779448,1.04769706058229,0.920106512305611
1.02249000767796,0.688672509848742,0.704116478853249,0.530013889152174,0.772857471754576,1.04859228712709,0.885119331085933,0.933410528446768,0.713306005592976,0.983794789999324,1.22713093946682,0.652106008913931,1.00774949246354,1.02551137743759,0.737530960137209,1.01778605575147,1.01819032271378,0.655514652193483,0.904423507259032,0.725060363006343,0.589436538515726,0.789779113248065,0.845945637367218,0.822587148006304,0.731938795021612,0.748378756448351,0.695593071619465,0.679259787404288,0.906571344429604,0.805502062331521,0.768147834947294,0.925165038210957,0.917939113209549,0.990695962535699,0.513802702927149,0.505541121644451,0.591144548495581,0.801519087598243,1.18835311930452,0.785835941653738,0.746999982823109,0.731058270980306,1.15894574367953,0.727608147403887,0.81470220385504,0.669098323629777,0.62691349441622,0.882165778024767,0.556107377192476,0.595103579120982,0.72184070949551,0.905959889689661,0.710691410325593,0.609089403209663,0.764601153397822,0.61750793343641,0.768481906147743,0.552417276732322,0.718421742846745,0.551350080855849,0.863361186708346,0.696136830645719,0.703108080184488,0.547967764205235,0.744661406958109,0.776516177249932,1.5505473607229,0.828669305819206,1.06966301783349,1.04602803206517,0.953858379709313,0.852400088218444,0.579906101001161,0.809849829709126,1.04750276265058,0.760043592365183,0.612883978579518,0.719670640023175,0.873569663908686,0.768734224585669,0.981003927432016,0.909326599257501,0.647027285079615,0.846004416166874,1.10984948284978,0.529754050790961,0.915861148185995,1.38663441565292,0.650988510515056,1.63883461074352,1.01121098528268,0.822373638399577,0.989132163884283,0.547472020891954,0.686229660381947,0.84560202072211,0.789977230473921,0.964135519144002,0.710680226947226,0.698087873716956,0.812639201159376,0.593883284178097,0.663530087089232,0.869777203193191,0.708069884633056,0.525382961245505,0.818768637213797,1.11373485404139,0.883778148276427,0.657583157749103,0.90798755000732,0.968715530042226,0.641481160301709,0.930962006931285,0.719918168694903,0.350901343840105,1.19946443648751,0.746033089150914,1.21714574065997,0.637090679509371,0.771847104827247,0.91512689447301,0.660401735415566,0.736509191422764,1.05874809795554,1.05171620064445,0.883705329951748,1.36561195296867,1.05311893247393,0.890994083500154,0.623013090377459,0.805783876391271,0.982408689294915,0.821016568501539,0.806093730308638,0.821301653887354,0.734123486508412,0.540458068769611,0.717600077897014,0.783176035981572,0.772741568631423,0.709186229849461,0.889852150082049,0.926986815226671,0.620992843362919,0.835168109381786,0.689783731513806,0.589810048908398,0.657693048738939,0.837618470598718,0.918221724689559,0.918771625539497,0.749109025402635,0.608694314569075,0.582653421404449,0.920209993436454,0.91573042112627,0.783094189715783,0.708898808148402,0.721759428818414,0.608944281403543,0.802821696566581,0.56415681271443,0.716342006010947,0.590806117921491,0.3024503954634,0.590375392663333,0.604656594024055,0.499796306067401,0.712952364020298,0.647261114806495,0.826166980386437,0.92979257914075,0.712063000725408,0.921413087668759,0.76182613028768,0.884094993763471,0.730039779010227,0.992035867445286,0.643022627846172,0.868417736729663,0.655296135899047,1.15713400527478,0.561858937422891,1.15480160613308,1.00597220252028,0.666710399724652,0.687665510087556,0.961051653458872,0.861534201241992,0.844004053134129,1.26938395200169,0.631540797966492,0.768182413770196,0.676694373351431,1.03960793632278,0.787185904785833,0.84363382749854,0.50275699458136,0.755401597582512,0.566353957446126,0.776545951977223,0.994882517672308,0.738985847263778,0.78719729076084,1.22853874834114,0.583615944678661,0.925648471097608,0.611622252776437,0.626047254341835,0.553684929039577,0.802583225896014,0.762931869768413,0.564947890938059,0.686218778737069,0.713234818809401,0.955605332588859,0.744474502985285,0.886077691676945,0.888914164565293,0.855516152681372,0.815380460964844,0.456206608007838,0.7217151258318,0.786478331560643,0.794690770473728,0.692229241480072,1.01734215056064,1.00504807443383,0.779058801025915,0.543607096429949,0.326198675600123,0.70664918115991,0.70289579510193,0.743879955669092,0.866542574457353,0.87260258708174,0.773299002652699,1.2176007001782,0.754712298304406,0.713081764178889,0.757973379996787,0.640518453749146,1.32055781893209,0.744149509928647,0.835903119501852,0.719431986880748,1.09420011141601,0.918299852911209,0.665899637289039,0.512056663969897,0.723735226744651,0.826992140636018,0.838085067368372,0.796143964404519,1.36493506563206,1.86417838848788,0.721355703316884,0.989923623589433,0.872826109958661,0.590732343056526,1.09850027860854,0.599025175989791,0.75156626445351,0.494066941017847,1.05118770975959,0.872285683409673,0.797684735284283,0.806188639736163,0.508531600382657,0.581898048886591,0.863366162567328,0.748742583783935,0.800485128466616,0.674403904204916,0.546987570244994,0.621971590762296,0.883114935114834,0.825294853980791,0.835896778726637,0.757699750471279,0.68444580318952,0.736235797441486,0.530348413446407,0.760310759009154,0.631774308964235,0.691523771480333,0.815509852416088,1.12564556433336,0.514628215051101,1.24009704533727,0.844211916501896,0.454451160342966,0.662995935797235,0.745735963228089,0.668949451876245,0.687110907202322,0.780058728754584,0.626439775565549,0.652480734662574,0.393839884590879,0.794300241239183,0.793496741961161,1.02796105410203,0.680663289686646,0.654847778578249,0.731552646554556,0.502951638355868,1.64412492590186,0.637352700919587,0.679498721774659,0.790378946641361,0.885160780266973,0.714093361081782,0.861668779554541,0.912606780180088,1.19953094490479,0.912357512833874,0.832695601360737,0.691875271864074,0.823423297609066,0.763161728452088,0.788999922475673,0.869359485579817,0.92886461024509,0.61169080907568,0.4410763465157,0.638566844064455,0.651213346597395,0.828513768936032,0.793139611097635,1.30981892616977,0.744813632266622,0.805321276702191,0.791040409362962,0.866139972974319,0.662973007722642,0.800907984066378,0.595854736278834,0.704473173809736,0.882782974498615,0.955214574172307,0.475243843919371,0.984858603687619,0.776130563530635,0.648673906139481,0.778676456021321,0.931615752762495,0.83399428046921,0.764845107766704,1.03955360656555,0.778817523300822,1.11688568946429,0.931873219790832,0.810228567114946,0.819738643549043,0.328601322839424,0.857416876073826,0.699636893792711,0.693709840086147,0.562924835691745,0.700486732866094,0.973482436288153,0.705701624269867,0.671863348960157,0.778557360220106,0.837178847277048,0.888353195605338,0.979182309447211,1.3893596777362,0.89011518422903,0.697980828362993,0.80459945225369,0.250807761206481,0.95177984361236,0.87188343937969,0.88407506677945,1.01733301004258,0.631349682986962,0.703769043960475,0.71031864193083,0.676555625007652,0.60684856816602,0.81418620190573,1.22556555265449,0.851818763997417,0.75843373260027,0.926104885346189,1.21472263830817,0.79138257651357,0.798409489869083,0.568504974960868,0.859944462683081,0.658434084291914,0.668924742562313,0.892605510049044,1.00025635070209,0.804114296594356,0.811247780281254,0.883974587663995,0.758136019138722,0.689856055965596,0.539492133393945,0.702389660644551,0.689218586615329,0.735577838501189,0.636482208726458,0.454021211429807,1.13462723940324,0.705275122985618,0.685742283341608,1.09738011367627,0.688805753042118,0.595055203987873,0.703975411444793,0.505158732248,0.756537844558882,0.961521831167077,0.737906686064073,0.803722720062723,0.789084634321315,0.81558486265224,1.0120629161511,0.536888668277228,1.05368978276549,0.436249444997569,1.17708619563248,0.86044935436834,0.737935952160377,0.781037607684867,0.731657554270319,1.00165631317604,0.814141931881826,0.919845712847461,0.635577487807694,0.871364363223797,0.453945197325834,0.852903942121302,0.828658166249984,0.465537195979239,0.86405786077598,0.877146575813078,0.740540602921212,0.746718240120588,0.595613012766635,0.76029655788642,0.719719000809474,0.879042298671179,0.673097169622406,0.782481826612685,0.64324579993892,0.69512916198585,0.816009254211245,1.11697610881101,0.678628225693066,0.718375500822348,0.908174621149749,0.852162792606444,0.754527129100766,0.751186556167961,0.62201076591991,1.08936472150449,0.712016354796751,0.893984832131833
1.23227718774683,0.880830492817102,0.736572017985948,1.30771813823362,0.686997720377336,1.11678239817276,0.919529216398727,0.996765506110518,0.827305261994695,1.0282709936359,1.27976038756188,0.665747705564593,1.21457415324584,0.940484630986811,0.795140032997988,0.949573860532832,1.27448205878268,0.805970988161859,1.08402911891482,0.825554451669704,0.752813625128918,0.973744166268994,0.989735309341303,0.812027435247687,0.862291784923411,1.00983355523171,0.821846179525974,0.712086728312299,1.02174577583657,0.861567487011593,0.941250743708445,0.957278069392408,1.08228866333488,0.941853289361927,0.865957613929072,0.829665029374622,0.768279554149789,0.763501524047144,1.26017986076761,1.58847387025229,0.925596215372139,0.839737570488443,1.19056528027272,0.852930640229785,0.955629430697994,0.786587704574693,0.693157004505715,1.02629465758206,0.914121215142694,1.39208378552519,0.842187286203047,0.956790035983751,0.860031824223386,0.662211177374397,0.766697466856649,0.922553729732795,0.890350963759898,1.14557169464898,0.716320637360063,0.960631612886348,0.94449511665162,0.770097313634734,0.7317038334898,0.947001062728509,0.959905891700985,0.7308582841586,1.42662980040949,0.668760666100578,1.08025724527708,0.994419579538201,1.07377520520685,0.910303304998896,0.691911848238472,1.08438205985425,0.963160567997024,1.03920504175095,0.811096676532714,0.941050909433966,0.828069475236274,0.797573690614968,0.998010878341567,1.03519719670978,0.928022569860486,0.903480769813841,1.12526507306291,0.958880527291071,1.02816436938908,1.73106716817673,0.758719807934955,1.42230638306981,1.14685246630732,1.11442029093955,1.0877287973267,0.753412994659255,0.804410330389593,0.865700791067368,0.847409683244277,1.02659559633877,0.622194854311107,0.748885616090643,0.769479163054039,0.824267664426911,0.710999479707814,0.903487813990777,0.743888188010785,0.745627358075483,0.922577052725273,1.17424947473411,0.892516317967857,0.675360974001078,0.873937094284422,1.11558720545203,0.76944516897246,0.877234583836778,1.09343131836417,1.03792641559977,1.22782335501918,0.820524572216282,1.04838056832158,0.998968531172669,0.923463755947965,0.896187194697729,0.756686159603687,0.786083106038734,1.29160023051594,1.37660027295008,0.995582759337434,1.23755431050167,1.23994783580198,1.03549088776747,0.795416336604423,0.742146774302501,1.2683258899134,0.851707443363921,1.15244491687121,0.965805135908962,0.637912091629872,0.848461225282821,0.951958604798375,0.911126765344884,0.685335464713979,0.752855297051096,1.03540921375193,0.951168107026364,0.835514271116818,0.858670911725669,0.837596967204442,0.624399462466872,0.686779340492721,0.917860872269223,0.939711287232006,0.837571805272995,0.808071195867208,0.945767508834284,0.712476854815178,0.900415202963078,0.828765800601249,1.07167420934686,0.814151053199209,0.786271215892629,0.973594636228695,0.930106349744895,1.02729987630652,0.771350039914248,0.73567570908897,0.821167030618305,0.737996461171272,1.22252206494091,0.74170362979847,0.859222395860013,0.762164010314498,0.738588838589027,1.00840864906239,0.820330154771573,1.1437378758472,0.728931449944201,0.896798799012002,0.817632589100215,1.05650470619644,0.887805121780381,0.820481084519767,0.753302480183853,0.762395731305194,0.7754288499762,1.31054516853712,0.919567276387971,0.80494005414284,0.819017852477474,0.920771238074277,0.957768796686926,0.967995371117353,1.34116630852388,0.729027705917112,0.987565817937586,0.88484666859736,0.905281515011069,0.801527200936045,0.910644991696461,1.4099791006148,0.982906423729147,0.634155726598254,0.831473794354582,1.03687802725187,0.879178247838257,0.965027657432931,1.18268376519195,0.77246535711624,0.999761651788946,0.85811079530094,0.719632844856241,0.770634689469957,0.925602498463365,0.819988261291107,0.711686909908887,0.880561222114726,1.23326016622158,0.977294193097364,0.71793842295238,0.879013000544671,1.05550256901222,1.14162411263841,0.858775491076269,1.02732034201756,0.776633043034361,0.975034952254173,0.837141028478577,0.739996821599729,1.12631575129466,1.09041021359949,0.729757026912296,0.918157222387889,0.740298552192504,0.734616478322573,0.775017565782624,0.919630988273492,0.768424638120135,0.812213007164722,0.817290197622893,1.18561015113574,0.946657357994828,0.783515446946251,0.761489904509111,0.787883994567109,1.2467090246367,0.970537658062323,0.869377831407716,0.744887055876018,0.975076206808515,1.09503134095887,0.784359877475028,0.759931895276428,0.886202662204687,0.822868837591549,0.850610416143138,0.796213269248614,1.2910933970203,1.51387000918624,0.894374223771399,1.4585314646431,0.931112454445455,1.01260767041556,1.05817212503937,0.560686338843152,0.766793170263628,1.4308040493443,0.962569079620417,0.93666527463969,0.876843153910377,0.844878575414809,1.03846404148096,0.734950241216927,1.0953274150017,1.06742389440564,0.915280262571584,0.831927223535981,1.31391638835265,0.863752244210357,0.900832269806949,0.815886507696445,0.904495579568365,0.933242076772892,0.829903827420546,1.02999222228657,0.695647572704214,1.0155270828098,0.864849625194029,0.674363093339116,1.15602781010784,1.09629249195269,1.25746983130201,1.2759779158165,0.815406223718233,1.00975244774328,0.759291088635555,0.88077244322939,0.879407175016596,0.935757611481738,0.899839202609196,0.802632620642761,0.763669195734811,1.28049298382078,0.90840118299562,0.872272301245787,1.1594709444678,0.940156418045137,0.718976222303553,0.818296606366023,0.785103694411281,1.53962035143903,0.78298365934257,0.917645440531129,1.01342999140784,0.877667399718726,1.50604349220435,0.999753501838305,0.961478053049722,1.38260979287946,0.960400461907805,0.970488865438727,0.829538426719005,0.806399676946113,0.692971435171409,0.821086265246555,1.26729945430571,1.12646486483964,0.720704006185081,0.863567949419939,0.793693785327796,1.05726663517681,0.896664371153644,0.865607192539552,1.31616618839999,0.884778136265393,0.87941766692118,0.81242384133615,1.02657415592301,0.814908764812239,1.00480703996025,0.704340775125415,1.08016624815877,0.95442321959747,0.848380264750566,1.2379113923989,0.962564188814031,0.891108181140351,0.896660782314566,1.02165077270032,1.26140260241074,0.922160698321668,0.888586162871862,1.19344325945768,0.76439756789724,1.37510600143844,1.00819301991056,0.879024216243841,0.898995767940148,0.745926189184522,1.0050370005949,0.827915891684935,0.784772181676307,0.915205328076931,0.687333010248108,0.81405239787307,0.925183295916381,0.754332312174073,1.35221573572553,0.89586346433924,0.874030358242855,1.02135112887525,1.15962044724741,0.878152259722114,0.894965374617844,0.758766099712353,0.760704750320797,1.03580707050385,0.964037773923385,1.13963613658689,0.896432686603661,1.42967351839848,0.908926856223085,0.935279898144415,0.701559317664562,0.720904512402965,0.810019095954072,1.02555778779129,0.79705220825459,0.87911427222299,1.00798629165416,1.15848522721657,0.819275100524465,0.881932588978989,0.860895182786334,0.735879141007232,0.736718791371166,0.928388470646798,0.868390518779484,1.39529553486136,0.80115643282199,0.954512088112109,0.902807378433466,0.865686611071481,0.677218418712739,0.703076575821422,0.794302068198828,0.739691143743009,0.804644797119214,0.696226057310498,1.13686561420015,1.28765796586105,0.886621068352399,0.809319849066707,1.24421197705774,0.753366498330234,0.926203630493355,0.731217783785889,0.695766971699011,0.739026982320306,0.931160210334879,0.969753789569248,0.934098642194185,0.752476352510075,0.852301696178166,0.957105443655855,0.804732934056813,1.09206141924886,1.2688145174063,1.18741360254223,0.860847024611043,0.885419844383871,0.800321322652671,0.959862644007229,1.18587613552068,0.747773043573419,1.00694402540303,0.673787895114053,0.813167759492474,0.83433641540658,0.839553320196527,0.902607827364798,1.28907279439289,0.9840986978617,0.859432389861175,0.826733850664041,0.959453050760318,1.05474241991035,0.820677229165385,0.806172630794486,0.986798655962412,0.657067861609318,0.874632121204484,0.709699325760168,1.04495839932429,0.80625663743681,1.1012629688129,0.781655588993431,0.91203663389185,1.00733837224396,1.00898432822896,0.985406253324676,0.814891676661049,0.862160895376914,1.01028723357665,1.06844127434416,1.08622590741474
1.2167861169876,0.617406692604581,0.700827770296992,0.287797646400198,0.889059333857006,1.23979485249141,0.873172730928085,0.577626627155067,0.781117260004646,1.10216627024558,1.21595630008415,0.596715895313998,1.26590223851199,0.945307331998896,0.665518890142014,1.22417494845215,1.18395170165805,0.583562636473883,0.723518640061124,0.735683894296491,0.382041585247293,0.512754329900498,0.52952363724913,0.696433071572657,0.697339832947829,0.675732018124022,0.545617856304613,0.723206459849547,0.714382573080957,0.974854138243711,0.540765832331398,0.859535974591178,0.598672058606639,0.818943248887463,0.46637008059985,0.3840708609028,0.461915870327143,0.70137637702593,1.31240747120572,0.340029858558152,0.565577895385355,0.66422523885694,1.13398801045119,0.627042672446535,0.675592994015465,0.546688579093347,0.713121653325732,0.725015437168359,0.326237875847197,0.607967389197877,0.674316168368384,1.08999035967525,0.612788267252717,0.54791164219446,0.867457288477813,0.50476993962335,0.787721341271976,0.38774364240309,0.761335880552045,0.422775193723827,1.01345527869557,0.638908929380192,0.887679394219108,0.294762278837325,0.501868191682689,0.8456945799695,1.70404600877093,0.879825906518029,1.22621550670735,1.17619321511629,1.16629287858628,0.832127621829201,0.593231588817386,0.585722965394,0.59838983641999,0.420689425452435,0.424491145042941,0.641821060889777,0.696483108157716,0.836946441973035,1.03430219317594,1.14486825491712,0.607557459918682,0.880526200906587,1.23214426639155,0.317559342168436,0.694823931978997,1.04287316212725,0.468369506411261,1.99097513191985,1.17431660791852,0.528985956741823,0.501077829212337,0.365331966828929,0.490094708070101,0.630102601483293,0.810020241248472,1.31613113517707,0.929014574888985,0.697204356045144,0.655337581057661,0.465889597842957,0.649832091499964,1.0335168950857,0.643365818613486,0.414044551107726,0.634252033528401,0.920521209047574,0.948806207325714,0.654850938018205,1.02671697726155,1.14749510258593,0.5857863375604,1.07690423153739,0.645993710895176,0.371608840846724,1.64029134624669,0.735522982762589,1.32361677578262,0.481006232681017,0.643296274777691,0.892788257619411,0.582993536331107,0.961984687678564,1.48427046451329,1.18146768760616,0.830319931226433,1.39451310998632,1.61620303689871,0.612478790346364,0.509452499114409,0.958558284721649,1.12174259940808,0.849291095168754,0.648343237976703,0.833958532421632,0.918221603023035,0.464210347368786,0.336775846153918,0.809899955050202,0.864284535956896,0.610959168397734,1.09607848481925,0.785896351534073,0.572278776729413,0.873537607657907,0.765281624709006,0.658591966069812,0.777719256793986,0.944720825568674,0.51904397420537,1.05032761840833,0.925042006872362,0.467034635977564,0.501832267833043,0.802293001351332,0.830569900379478,0.989934974242592,0.621586382743817,0.862376121155828,0.546398314631254,0.49966430538017,0.692744028374071,0.633126393445908,0.615762329148791,0.208150395076444,0.507575460744361,0.587451116100976,0.394515821874926,0.455333250794627,0.577933474184676,1.00666796700414,1.16974657440065,0.640462183835802,0.573554885253535,0.725058470313927,0.847631939683198,0.624674499049537,0.529063042566324,0.387427266967859,1.05556721836444,0.881016982083503,1.24942338441622,0.402960541116222,1.26796855714147,0.64937114639409,0.516837519875212,0.551217599160224,1.15811929482734,0.819118226398693,0.818196851136316,1.32528448171887,0.621170376388289,0.679548233577146,0.623319644905644,1.26034577671153,0.607264302488453,1.17391555293398,0.310003998454173,0.589644557587095,0.69915798202623,0.833658906612987,0.766583595019931,0.654251366054007,0.607257528877094,1.00271660228708,0.414042104386133,1.03000733377667,0.44157551342245,0.674707921473065,0.445389192548658,0.460225842898029,0.714762759426458,0.4885151765117,0.63646197874278,0.495991824746947,0.623258604194841,0.850277641275048,1.09193763385693,0.865021529924067,0.737435652268352,0.569216864393451,0.351994844740241,0.692989556599842,0.639599226271133,0.786117638848914,0.635100157833823,0.794212615924857,0.689695248188331,0.697057978884392,0.402907419141939,0.294512172537641,0.691568916700688,0.649199224678247,0.578440440181545,1.01350195760886,0.766143611653714,0.925727656276559,1.66322132662833,0.550066838522098,0.691360041667037,0.532017332936823,0.568201948347688,1.53670745338505,0.468672802257352,0.831207760395761,1.11816560358015,1.08339628558683,1.23403297449386,0.612681951890904,0.438058690855105,0.781562101734087,0.779244150405267,0.739479833215585,0.874885337722403,1.16002886746866,2.02110191368378,0.482208018787594,1.34339710312563,0.716558731449109,0.345138389609727,0.997878005733907,0.535923176224088,0.749953009090896,0.277190219968311,1.68262840461585,1.04318187977048,0.686014242211054,0.597024505150718,0.283299679854931,0.50669769028857,0.693169110625167,0.491509747279721,0.614500557604313,0.529166580164559,0.570201927233847,0.653002812025044,1.13280843248713,0.740604125278811,0.827722729619029,0.432206918780534,0.670083289319428,0.841139084219195,0.485349542728091,0.796605816457746,0.459723269890853,0.628091441840951,0.489808553052049,1.02127814347009,0.227944778185887,1.06393680852014,1.02485395633246,0.408059193625036,0.517925881029966,0.579456048014832,0.476282571762907,0.563404515973333,0.664208110972258,0.489791187682352,0.5530333955996,0.25474321187476,0.827386686764899,0.572133187910337,1.32744683376117,0.58338552743357,0.564444982671459,1.06923048970181,0.463723894697218,1.8407860388053,0.456345736719366,0.609567884775906,0.888699312515933,0.835192454549901,0.487809962959703,0.992643796288211,1.16784111591153,1.31132471651747,0.610370068773399,0.932755325873685,0.617485807185527,0.769746661222461,1.00684698754558,0.642259258161214,0.980193457402462,1.09372201051959,0.4683693781804,0.313010004478562,0.60974154778585,0.425335390893159,0.684333066563267,0.909064153603584,1.52213314645345,0.649472531681935,0.958308020251237,0.671719004074531,0.399067388878496,0.631325139656525,0.677760196267162,0.451570846892221,0.439226858281633,0.981375571044013,1.07474532736544,0.481058896287021,0.697269085078129,0.580378128250109,0.615416649802214,0.511038166418454,1.19493391249583,0.616530924956617,0.591495052655091,0.997560136038317,1.04301804916668,1.43434865296453,1.01602680432474,0.590496457514009,0.774658926032073,0.20640848786657,0.697311224619203,0.580595892110523,0.843655970505897,0.290335153967331,0.896529598158105,0.899581518659151,0.478752901708881,0.587638959577205,0.725954682202395,0.924173689044657,0.941376890960794,1.07307630840951,1.51854721628487,0.722254234886358,0.558934255926276,0.879799156734772,0.219898423729151,1.19028237341962,0.705665192922167,0.422852458836533,1.03521021886726,0.299761433656707,0.576882130183813,0.523602463184525,0.739775324131866,0.490742281007512,0.755584024446764,1.4034000906957,0.913897840923413,0.699473453746223,1.15031968326199,1.29173212634305,0.602132292576546,1.11876892877602,0.486329255206766,1.08157328020912,0.781766189399392,0.347108692386164,0.996987822069415,0.56408518357781,0.874217209433336,0.867720947998682,0.78137755044676,0.695618040532748,0.77189638937322,0.416762710986661,0.532056127303819,0.68078091521028,0.610260641526566,0.652580496270074,0.324178251374675,1.43606885596034,0.698073935164237,0.64202751481673,1.20739244909408,0.779689382011301,0.281164459826498,0.700239596325354,0.374386581900855,0.672530477924371,0.79297360829558,0.665703409529854,0.872088612395679,0.864965614230336,0.807772078000863,1.08868236327299,0.352666191050757,1.03179670274155,0.263254349297927,1.27221641310108,0.549067330751513,0.698546036973626,0.928866372777133,0.427024136787428,0.550665494389274,0.718122918632179,0.98315312154994,0.651753101578485,0.878751186955295,0.379440257988337,0.907039375813219,0.928003975050781,0.316821135798802,0.621753009219457,0.742487465000024,0.75419368730604,0.54836247722518,0.473947817575533,0.507384698443533,1.07603063909168,1.08397062844111,0.925630914542967,0.675938690996267,0.495451513433356,0.41609651687914,0.813123928804687,1.25116311351773,0.734297581173265,0.704885931333322,0.976401077489091,0.680126436035508,0.404622336063677,0.863064529843635,0.589612301864357,1.23793735327107,0.479417083907417,0.790605374931374
0.645207608182989,0.603136584701146,0.658513259978411,0.389910534507411,0.994283770622247,0.877349774272064,0.996576462760323,1.01838434060823,1.17252042623508,1.11494172113884,1.5461883145295,0.694105768176858,0.940070368635096,1.05244396371595,0.991848866833418,1.33968499011387,0.884094931221081,0.720897638331016,0.861010286238064,0.737749730742292,0.568209661209537,0.519835185751336,1.62501215106007,0.928499328823799,0.634800504467496,0.896173980289065,0.542243981370721,0.858208160628055,1.25802908682668,1.13104086205311,1.20136463351523,0.804998451806919,1.77680248996516,1.23207524306491,0.904300617762156,0.853001562056852,0.655519865658019,0.924682996550231,1.44762279180096,1.7128682559714,0.640371264813559,0.853209563283628,1.50736300441203,0.97973789029076,1.00599159073032,0.765168949004294,0.867210444451752,1.90318572162667,0.900696159975622,0.574608263731468,0.860290915709774,0.371690923736255,1.06911445354575,0.873172290423076,0.947297557153286,1.30875982982904,0.427326179555825,0.690380804700664,0.780607302150051,0.601998818389493,0.867959793173426,0.81813008217817,0.923006732552329,1.10405679802593,1.10361588903609,0.795377079902882,1.46032348475316,1.21127654294335,1.3061524079575,1.32780988144259,0.840588902089668,1.23557348228533,0.855518433183232,0.906365459277241,1.20323174049705,1.37189941445356,0.776530638838039,0.645130791359938,0.893272850207605,0.676008474416407,0.826665774824563,1.51952006978014,0.673244945505543,0.827184839965468,1.14662523010958,0.489488822711025,1.14404351139107,1.12680670430724,0.957205736700233,2.27999145468803,1.08134590557463,1.18240951137304,1.3415829742935,0.651935250940182,0.935828178696598,1.15483986503995,1.08508251444013,1.39359454680801,1.01178094141568,0.890915374349562,0.820704543518574,0.788730599914514,0.642458249963553,0.822767287006214,0.719087467620432,0.788709423707187,1.02570340915164,0.988365567903034,1.17968765272133,0.620309051628202,0.917623636347058,1.75061855248278,0.694215856134104,1.3903505268462,1.41228623683704,0.896968236420414,1.57883372147848,0.956076149777645,1.07529698534557,0.416484689737454,0.890587195504829,0.850332868210602,0.974769899532399,0.898901589678031,0.978466555945302,0.708092493768028,0.92768010181068,1.20742483528521,1.34889915139715,0.852452645769946,0.498903919083346,0.944904466676254,1.21377927811074,1.25088734116533,0.619562768562037,1.07015965092321,0.902716627251191,0.822572308381672,1.06713753502152,1.13113292000873,1.09592237804925,0.8839837110268,0.856747026038431,0.991134801840572,0.662541617706947,0.679869508786649,1.15680267973492,0.84773431820637,0.710139628640603,1.06291997317795,0.755944534729907,1.21422057909637,1.04687418558574,1.09342248973249,0.715210371769099,0.68116858814007,1.01355666109261,0.739230825085423,0.838855221506407,1.10709414440803,0.883716998111681,0.874232714183551,0.457191113700381,0.608136649594737,0.852371103145306,0.395278725607914,0.826741584695757,0.58916739413296,0.765386467976503,0.64036622580551,1.02444690009553,1.10863566344395,1.05405688650733,1.17626030502608,1.82778196664657,0.723491567698096,0.904490634667893,0.41792655464959,1.36321808010249,1.07887445809481,1.12022606990801,1.11845894231311,1.33591444643368,0.710781300628566,1.01824052961044,1.02405747687808,0.485453725030674,0.578839381657201,1.20816829150597,0.739480868848667,1.19973144992855,1.16067178018215,0.831996960727509,0.934870404321691,0.605675259772081,1.51809404538248,0.722519559414462,1.0860498998936,0.224207801063128,0.393596658689635,0.932347907080873,1.00659297803213,1.18053800467856,0.574970048816675,0.639113573787461,1.3050361145682,0.619934663289295,1.29476860359626,0.475104326339274,0.818775927364124,0.80322480461641,0.593078025729275,1.21540018259575,0.882597828937411,0.947606621026399,1.08537217436937,1.02944374947647,1.01617354929289,1.13055821851127,0.712348093694299,0.58208736854891,1.34487202972079,0.979591754687964,0.923910652298686,0.774493851875217,0.871988561975036,0.689600488045029,0.802010964631558,1.06362172820638,0.86677421423708,0.766468554908888,0.918550419022842,1.00686900014239,0.852757613729615,1.20638159905286,1.05106376757139,0.906478298033035,1.031346373121,1.64080700878665,1.53396668306023,0.810235541380602,1.15074779851333,0.724994629305113,1.52239534155675,0.535383208840049,0.860021621555639,1.35674176333422,1.57543144014295,1.32206931132028,0.677884981016188,0.858285482141639,1.09500278926363,0.859297159632183,0.831269496124555,0.964978690249118,0.959534649616758,1.80848944211328,0.610675325655289,0.728643793418344,0.644399787976116,0.598256157008701,0.74038113911587,0.809835475647193,0.970770379988867,0.360212826396686,1.21321654871347,0.910177319303046,0.755462132838323,1.16247645316598,0.601260857568959,0.652009617938871,0.735180955235435,1.01532565354135,1.16206585661395,1.1029391405996,0.563464089143768,0.520478612903391,0.986459179098962,1.18107902024815,0.856896385445176,0.799032356514141,0.756455294172379,1.52843516247748,0.847832981718521,0.944572984468328,0.731704173554347,0.768664171187318,1.84217712173516,1.48184080021199,0.957843085219279,1.52763510820491,1.23720340369273,0.679851523910436,0.841206717778896,1.17365976555192,0.812004716868324,1.01290484554554,1.01398672049452,1.01129715963218,0.730422592317956,0.824438259002409,0.804073862056867,0.7827234791548,0.920961386062919,0.889111555217018,0.576367033973529,0.905633154416507,0.527438982949798,1.92278943066165,0.760164844870453,0.76351091643889,1.27103651844329,1.15764658787932,1.01912937080676,0.528905874422729,0.989279489456029,1.25701791928632,1.15938673703217,1.76172533049184,0.798371387944985,0.952712176412724,0.833837130716536,0.966395420595502,0.549960605338823,0.600677789173809,0.721962250437109,0.898145176549437,0.89155149103447,0.469957203761952,1.45565244203689,1.1546237472616,1.14129715963218,1.06201639008834,0.975076873073416,0.724264510178715,0.877011280468309,0.706210624974595,1.41467970645433,0.632589357244992,0.985931897486008,0.850856359334829,1.17248543432634,0.349399975763322,1.13518510149725,1.15799609247534,0.868117497268342,0.830834773638298,1.04465997673401,1.38147695438755,0.916141725423149,1.14634538962208,1.32333033833583,1.06599068527726,0.62342798362664,0.924956297868874,1.01645015449525,0.384730779406128,1.2672272214526,0.90343138743959,1.05619893784609,0.458097461044043,0.896660564971475,0.785748726077006,0.7415821629065,0.905188194109085,0.569536925921962,1.08104080502788,1.04283551573409,0.8841749050731,1.56628479416577,0.926413400493926,0.84091566401019,0.859763154173267,0.380046147779229,0.933887875666949,1.23553357128665,1.50755181715185,1.33714630435553,0.49764769491609,0.560451659834313,0.675824112580464,0.717447136148149,0.851722412419081,0.868750974785057,1.79872359384309,0.899006247571894,0.695427951400839,0.955393465604137,1.0388193962419,0.958981257981039,1.29745302515335,0.851898476271833,0.887236905850801,0.645377399162564,0.5997384709062,0.842488083036082,0.852981117166431,0.774975156750364,1.259053693688,1.52962830606604,0.902383377188893,1.09552396547256,0.811969964120019,0.912281770356078,0.53292333095611,0.83815803963682,0.832857110205149,0.759711870088706,0.773993496392516,0.509189140599595,0.824489703099442,1.28336804248526,0.726109521098202,0.46349913951855,0.73997320346481,0.726105670441627,1.01164388579651,1.12771656656027,0.888628083711305,0.879778774314336,1.11126749312771,1.19868883130152,1.30172241241908,0.733126855201481,0.647468096165573,0.834003517658742,1.76173937762175,0.856096615269817,0.987781966646575,0.821551491034466,0.685535920285224,1.36430968994475,1.27784694075872,0.924445704387554,0.655225746098614,1.0316641996073,1.068907713425,1.17341226808169,1.0905888682106,0.202682179191598,0.642914604678826,0.841567204393993,0.823980895148619,0.853069973298582,0.607483487637243,0.768665449910191,0.629521647862825,1.06908157091861,1.20480283745671,1.06152396730885,0.600567547061322,1.48421544954261,0.995055033499574,1.441487388895,0.816715085971337,0.900808982721298,0.870881204957051,1.34801303978766,1.21408352656844,1.08480799769721,0.996070530158074,1.38030547218577,0.895469044438151,1.60820889450168
1.62919564184292,0.790270965167129,1.04403615021271,2.03877621794338,1.22758926842666,1.31796154163071,0.946705271420933,0.839945658310115,0.787520079032197,1.27214825082625,1.07446031157269,0.747547293541837,1.48184208386455,1.12505490514326,0.861280923379303,1.0483100180697,1.40771120126719,0.649244697724235,0.940741333147292,0.945093775823218,0.600241749720084,0.495976230485836,0.63658097671706,0.824461135519143,0.698020616448365,0.896418434255851,0.748182072777312,0.85594263851078,0.821316834658029,0.944861415184449,0.467798314385799,1.52122102770255,0.596498461438671,1.10430933954987,0.527993459663701,0.386060185430371,0.53523190080515,0.722153778183007,1.30544900595446,0.614059774512932,0.828046972053745,1.03898038482935,1.29560457214162,0.769100535764992,0.8198328934973,0.8075838698252,0.79296246831382,0.762678065909245,0.465939257430125,0.628510838318362,0.744107198780491,1.09354648998049,0.673832158916493,0.649786382201438,1.11155736428783,0.543452356753231,0.841620782800003,0.575417291445359,0.770973394546367,0.949477518145656,1.24955268540917,0.856677239113352,0.967882584839334,0.416574205841856,0.599183498962788,1.05805012482606,1.79131230861686,0.965545056976818,1.26590324119373,1.29133519527688,1.13945689011333,0.881313021492928,0.656307960543002,0.884407265080407,0.65821917390875,0.435985006412745,0.454378942176626,0.73661281435678,1.04219277709641,0.982409950561172,1.48237222177334,1.25509321176334,0.714540407398548,0.99829417376861,1.29379717700696,0.365041153933006,0.887914367914781,1.18657808345064,0.598128923225927,2.03609983886939,1.26916205586892,0.65917315771337,0.500041399914043,0.457944586156032,0.556574430486014,0.7284188269909,0.968324675948415,1.66324312942699,0.990638177447933,0.77331050849711,0.936109143431771,0.499263285068543,0.606461667921054,1.3530908700476,0.987966645864503,0.354429729857864,0.719312000529588,1.52521342503881,1.1854207292321,0.800097266613899,1.22518816105965,1.36848326917632,0.844796975006525,0.916070532618601,0.687867051203821,0.324134016149642,1.57072832994294,1.02703919211833,1.17689462499426,1.09928474873623,0.861357532529929,1.3256769579004,0.659266374644796,0.951691697954437,1.4589132430494,1.46400753677342,0.928426695323899,1.09019062027464,1.61190889609011,0.626371602835646,0.557699760731463,0.990501669866462,1.34911545642048,1.06049278865762,1.4109711623358,0.7223435648677,1.08466109443189,0.396611972377055,0.440439558611023,0.973915327541946,1.14428328506854,0.782032615954063,1.260480118544,0.833751348484308,0.615512161187128,1.11418166107479,1.05071320380026,0.740739479086141,0.892573584970053,1.11888448427122,1.11310461262781,1.27287620494329,1.08865524308137,0.739544483998552,0.605189343800183,1.19546596035367,1.18321076363762,1.50186041713759,0.766437541173918,0.77414886243806,0.722744840222117,0.749139121972142,0.972210668078166,0.907827474452107,0.774360924882651,0.317305199873398,0.561875274607148,0.618321994498416,0.557428415020422,0.61010815425342,0.749679725349602,0.969924274517957,1.17922268654243,0.576560480527821,0.460811423457914,0.81426002675014,1.30668853511333,0.814421536074576,0.745244467859828,0.44825298496965,1.29693550278925,0.756466507724277,1.10899475736237,0.375360138045733,1.43208090443899,0.709290063245056,0.630922986083172,0.583673309299153,1.15319868544615,0.952385626179063,1.55572683084078,1.63675085739744,0.740123304165286,0.800343930123437,0.910886352740644,1.18890438325345,0.811753089575422,0.979457137737659,0.311105767019752,1.08331715561056,0.882736126792214,1.05136284274854,0.731682684900094,0.71816023973853,0.971186476917316,1.09881149316804,0.533429854238596,1.16282316550258,0.613718183195805,0.734979041792625,0.610784575476379,0.718864922876813,0.956069020810665,0.501575742364014,0.703331641940817,0.829435350194035,0.894566703146407,1.01837192830825,1.20996158469523,1.33198350190589,1.33486225576318,0.75546257411892,0.355887459560834,0.800409880566735,0.7975814846339,0.967598459134877,0.753807820685066,1.1425475757382,0.6776721747704,0.982478331813164,0.491795158280102,0.2274993928,0.892325405828957,0.838969869626102,0.683993991825577,1.15555780912221,1.40005048123,1.09029334435087,1.57096591109145,0.346063418473971,0.751451013929899,0.760703357886917,0.673525752565565,1.29852464093181,0.615682054470575,0.927101537182514,0.97588735299562,1.08128315203608,1.31427190983627,0.607007782578209,0.400356148715082,0.959827210342455,0.940121112624914,0.928001413343368,1.01264749023126,1.09021237639045,2.2759754918912,0.529427122159925,1.52605397805608,1.17449255526959,0.382659701634462,1.24067972309989,0.725625595150123,0.83532148548717,1.97026873772397,1.56992738576602,1.1923051508335,1.0244688171682,0.714220575455602,0.415798295282482,0.539014400500536,1.51385130965096,0.719932281784235,0.672432733528992,0.617348240965835,0.469942074995717,0.640045970397573,1.0166446707222,1.12778089838519,1.2118497291572,0.516902754090193,0.703574269098266,0.441202801862735,0.50060354057105,0.875347593595604,0.698671520371613,0.759155610158001,0.316237899702893,1.00681304108864,1.47498850215912,1.2176557893563,1.0034442056253,0.608804453677975,0.702755776644424,0.631322751221923,0.594136773994868,0.64559177087967,0.790367081844227,0.569944708313515,0.676482470218692,1.64721499311636,1.0621841688365,0.815062156559684,1.33640112071594,0.755261226250795,0.790894583304262,1.18888482322631,0.423709517148885,1.77964115776508,0.539220805058022,0.602128027337993,1.02800996249629,1.15432640346324,1.29645194316529,1.53353959746373,1.22033720584459,1.46587668746546,0.777413771577506,1.05333328082819,0.866105686747224,1.06156829351088,1.1673412160899,0.743466970416532,0.917811316448416,1.26709982609796,0.453499764024891,0.330354803292569,0.79789110316226,0.619254403124799,0.879678086269292,1.04623235777588,1.22051358200168,0.821880964485299,1.21297606344622,0.852820565685068,0.587325035840105,0.674046836023935,0.623965055314829,0.529391322091424,0.418442287460373,1.22463575860909,1.18585221258688,0.437346450484895,0.85631381265238,0.721214330741591,0.680126853723082,0.6424252244875,1.51638957110834,0.864066354963651,0.672013304041105,1.42018204825744,1.21344590428454,1.29168662755213,1.19916999083248,0.814482130860426,0.944218330003579,0.302250924257676,0.603043110816944,0.68514467282796,0.925415377339843,0.491179113431665,0.932201557608405,1.24968650406004,0.508948446588995,0.773357066551731,0.960044940956298,1.04904026846815,1.19470206813326,1.56533923420782,1.48262335224465,0.917016245124583,0.657638766766082,1.05767216437745,0.180419142559597,1.43089278533241,0.773931331598838,0.630568751343606,1.27195307092922,1.74988055138147,0.703068535700523,0.561123221238194,0.92672819171642,0.541917158965839,1.05794953852899,1.5550875780996,1.06916406074432,1.10138446910629,1.28751562518659,1.4514908027485,0.740713647213455,1.02673892035391,0.487136742691655,1.0986844606955,0.826420746728629,0.3969162857009,1.23634265317787,0.82698926438759,0.979934724660011,0.835762979626896,0.852474613272387,0.791448385284663,0.916157300693429,0.339118597424461,0.575769265137734,0.903990473829951,0.777929144509325,0.93983973183443,0.419538526542902,1.66334204268568,0.902973841125085,0.74718754644012,1.34496630359806,0.989325736273714,0.491817588276349,0.745875591779943,0.30307132481889,0.804838764269225,1.29970983296016,0.919414237123203,0.813895097335301,1.00670977816196,0.802715296536976,0.971786631768635,0.409181600989027,1.35521033894768,1.73677941609336,1.09941751095622,0.870839585211191,0.921065391319447,1.21247856579207,0.640747523038304,0.740949599203723,0.866442254691106,1.16016808134965,0.794936528496388,1.01672783787129,0.303480352395552,1.12821235861535,1.05117340637589,0.270391692651945,0.894251597492588,1.05041468737004,1.06365683124167,1.0240708596225,0.535301575862372,0.635961713673988,1.22832983813141,1.13771180721439,0.910141656820299,0.74056474895885,0.685329631223215,0.408274602135672,1.11408864256085,1.24629037088993,0.886638071007835,0.607827164269805,1.12238469292066,1.12529164246357,0.756310142975258,0.938945156197981,0.699375855712515,1.22232516269761,0.697440316008272,0.878878281792761
1.0460024118542,0.932018015028019,0.840046614961125,1.04825110186077,0.993041079580365,1.1510905095881,1.21418395498129,1.24791646272273,0.935391628075808,1.2648509243038,1.5670654603471,0.785638267966017,1.35065819013444,1.3269824874257,1.01665536333243,1.1669001746599,1.37681025357979,0.850937718368722,1.0391554104143,0.904106527485069,1.18198824133778,1.20070610227173,1.26822637380341,0.63285947600943,0.871913857274106,0.965876309671066,0.968314961331422,0.899537870669289,1.08257852478165,1.19433913357592,1.0804713894349,1.03825433214358,1.28394255728663,1.3585185045747,0.822180327583881,0.85805500319218,0.918123089427655,1.13724892869318,1.46715575992763,1.43486566368758,1.07679320020409,0.86455434586586,1.30278067208776,1.08669723468632,1.33182864070622,0.964194534624642,0.976881890144839,1.16273276484098,1.21879135165398,0.966101188520897,1.01830059252728,0.821437423246591,1.24350953898717,0.871901930883221,0.891880981579623,1.28064942829006,1.47717193971097,0.652154791623925,0.912040460257955,0.751323873289218,1.07874366506833,0.88885926589857,0.862294742262658,1.39441076833732,1.07797992389096,1.093999102295,1.72390966770118,0.97752158892057,1.22692559013471,1.29514187352548,1.67865062212719,0.430059238140314,0.954832941849547,1.12617408392967,0.677975479097332,1.15584821822156,0.893445853966995,1.06258014079182,1.23610244256876,1.12736698690355,1.27847877488545,1.06144540299758,0.674866660247087,1.06821854817597,1.41459813322534,0.961080413728229,1.18227490072447,1.70915352047506,1.0196111621158,1.54755965855487,1.51246962039182,1.22373475620222,1.23179759773779,0.840825138924052,1.13153973164265,1.05558779575222,0.972997595624319,1.10178515134138,0.850960591000761,0.9624677774273,1.02752833263029,0.738024843135503,0.787761878411267,1.06080088971406,1.02173577384987,0.725721837448235,0.944615730541174,1.25555915134551,0.966740220783488,0.781999216352524,1.10346201014556,1.06775281862284,0.93746635775166,1.15791785986329,1.08637431240458,0.499632076608453,1.48047962931621,1.061189902883,1.33497395068367,0.727526288053356,1.05027091723565,1.04308938056694,0.82312494190257,0.810698871871346,1.207825502317,1.24972570948583,1.17075224494582,1.41067899722204,1.77060758249811,1.34000419328098,0.816217004922817,0.889870201389785,1.21083952121028,1.1029766019975,1.01325836891356,1.1597035573576,0.803116964849772,0.73255796386945,1.18004040460864,1.0136324805604,0.755559995020681,0.977731816701869,1.09211390431923,0.739551826562086,0.842142666669502,0.87676443848082,0.994905019130396,0.857841236102821,0.817546061704615,1.01607072422723,1.34018511547748,0.97303315142525,1.03675874216611,1.00540257394765,0.869717364444661,1.12851037080162,1.11685230826928,1.18232954208922,0.896458625982424,1.31179148198439,0.907329750147567,1.12519476438992,0.720007718889193,0.899708326650351,0.779398339437923,0.462839900021777,0.837894639541435,0.946915109618352,0.733372008506345,1.00897644941921,0.873208736319881,0.796538371256431,1.03780082721925,1.18164771226766,1.54050319474425,0.965010446859216,1.07146032392037,1.05574321041234,0.995506422313459,1.10612784422239,1.13604524446546,0.657299425640608,1.44595315450236,0.896374800168927,1.27467705341154,1.16702522667976,1.07830479426875,0.887287098846716,1.08610526574001,1.10222850397705,1.16957931838016,1.51039995112268,0.804415206085573,1.1435207303466,0.865177379340194,1.15643014144747,1.10935842252965,1.23303465669638,1.24300152399462,0.881082379490383,0.669614932613107,1.11834121690002,1.28908796571677,0.908291233531131,1.03248386893002,1.56421472138337,0.762635359134295,0.986821915238809,1.05123635254648,0.901664712784537,0.939806851999877,0.992716859639766,0.94704327846189,0.86115929398219,1.07281449863093,1.18064859144681,1.14893940303717,0.784490931636276,1.0810905095881,1.20239706089504,0.944447138277632,0.70608252487586,0.557750913502907,0.989402044549872,0.993692924310797,1.07608111621216,0.980785012605632,1.22179270327467,1.42493290800092,0.82874053851727,0.746655342051908,0.500490136339946,0.831306459216129,0.910430112750533,0.925683722439428,1.06061812408087,1.05373344847013,1.00773439364168,1.3116878764436,1.3885541193017,0.669840209079918,1.00849756516584,0.86941583039282,1.28989096704155,0.955683324999032,0.926814071429084,0.762509807955534,1.0714464040885,1.2836770688533,0.745231041040419,0.882749966993125,1.10801697070996,0.909986473324147,0.974190314231931,0.719430446309169,1.45348187310167,1.54119801006945,1.20792402323222,1.02943192467684,0.982736404829229,0.93014105245807,1.23950823983281,0.839301040978311,0.700147201726588,1.15504341459107,1.53086645098595,1.14042238500437,1.09612399734352,1.10789541256004,0.986795594078326,0.649016775228834,1.14061210791793,1.22870389190918,1.15174707979332,0.98429861470742,0.915543502906237,1.0766441107992,1.4934681676223,0.8710698945636,1.11579263004088,0.909689799928059,0.85035660551841,1.21065241813139,0.748276714909303,0.960923941695634,0.891282667945598,0.817345686914819,1.75498932496702,1.37138930503002,1.03358424336618,1.51911790236321,0.954083885378684,0.676812396876653,0.962595433185358,1.06899551764961,0.861626376559287,0.94408450815861,1.10433317997738,0.968201764147807,0.803008184797018,1.32455623611035,1.19002748441091,1.10313991955111,1.25702327934536,0.870755540248506,0.695794018706119,0.999038077604227,1.01899194055619,1.68050691847545,0.868994835968334,0.974470656463164,1.24706044852605,0.918344571816998,1.3326045950872,1.13921431323008,1.15237604183918,1.42569401320702,1.34095820020917,1.30701848171505,0.97746223745936,1.11377517094113,0.843246532077801,0.922214042943345,1.50284379390753,0.92880291986765,0.947270170437445,0.780506837089162,0.779171745688662,0.791978333941031,0.893850592338203,1.51610492966,1.40615799500292,1.02795143548807,1.12964166220841,0.90178537640182,1.54774985185911,0.768227321564903,1.63418265106286,0.884807050697055,1.31591188192119,0.990460539823913,1.05998163818855,0.783671070864776,1.23761464551604,1.06870205262684,0.820388416097456,1.08506548797973,1.01961558129798,0.984149875702156,1.09147430233637,1.23744878064953,0.959817787030756,1.40744974452696,1.00308679099335,0.989567810165372,1.09321557251921,0.649465128949199,1.07345687170147,0.920384128951765,0.792066835521731,0.950604139058614,0.729545975735864,1.07802329797689,1.09742104340007,0.948278332879824,0.869662377848186,1.07842485046933,1.09546719763095,1.07958442005473,1.50095943886922,1.02366091355267,1.08275999490254,0.968740860780425,0.437975972316224,1.11335952139092,1.14861394613364,1.44130447981301,1.04753760974622,1.21322765770215,0.960049470524791,0.97120371462561,0.883885436067784,0.78818535949614,1.06334707128896,1.35078918281739,0.85849740883474,0.896372700870166,0.975774019090019,1.47468142957124,0.958254959610077,0.916558684899868,0.887397014787437,0.577345686914818,0.783255572264818,0.989645497212445,1.00929305417368,1.91362324482837,0.957327946481011,1.13027241917373,1.25451340416275,0.973709109667927,0.613033484730431,0.828805093698171,1.10025005556092,0.737327855511552,0.984730220983042,0.867746001866599,0.536495524334343,1.29112018414191,0.891080144546758,0.954491139910808,0.71974581188397,0.843912555116656,0.994722510062261,1.05248917872299,0.794876868567579,1.03321211380339,1.2827640329201,1.04945096781222,1.33477944744154,1.10093373360504,0.918725234408597,1.16559168448822,0.945073587882214,1.17701873887554,1.121232946411,1.42360861196353,1.06570254350319,1.19795728445455,1.01978734525485,0.953658526001006,1.3702632050617,1.09723407404109,1.23958938922066,0.810750946888249,1.0696718323191,0.639236317343717,0.918641459782451,1.10266374207814,0.93733398413492,1.06126904269371,0.896730485026875,0.862826331174869,1.23451252114041,0.631795383248592,1.02983488186149,1.15822709211339,1.48063736703795,0.766152267751528,1.12024023588071,0.873851268592947,1.29215738586941,1.06088725062068,1.248605428481,0.897691971205684,1.03554079404303,1.09212621073976,0.935140355741545,1.49887214687419,0.863597904675772,0.851252204564126,1.29054153336723,1.34692136241948,1.30754142784752
0.470497693186389,0.428606562647737,0.648818421423355,0.315519955880216,0.902750633060868,0.766951946283335,0.589853069226206,0.56979222035967,0.812427482675523,0.917498142089407,0.825495916901534,0.551902915527774,0.607988248591777,0.835356114133969,0.581995009860866,1.27692442526622,0.503487067203644,0.596850688613879,0.588278626648983,0.823590752975396,0.434460050110112,0.471145617717243,0.461329803517662,0.86995882578402,0.44097690122539,0.458121249256979,0.440289515665191,0.727378688064419,0.635621101116102,0.749053754222015,0.603412581989621,0.721977469436157,0.542137137184304,1.32028954930181,0.409484852722366,0.356970938021868,0.54256974972839,0.737558385464828,0.858940880770028,0.286854322641194,0.526106143084464,0.496256523867797,0.920847061482619,0.705075188496586,0.636361506053968,0.454811439395944,0.807311785037817,0.596425653935631,0.27769508202977,0.273254157409107,0.845933549214362,0.73366735952704,0.652332478626301,0.579030461121281,0.936752260018989,0.378561322592816,0.453203524679374,0.260471649268186,0.854204841487303,0.250121868767344,1.10730785615565,0.529628895605593,0.905008654545876,0.271222387123763,0.683378561203255,0.808290428960386,1.23469719590728,0.96456205385395,1.00661794870135,1.11683565697333,0.740134929712145,0.899701193370898,0.600160539134501,0.489305976820287,0.651581685687734,0.322745310291728,0.449301042202345,0.451112163709439,0.603812249591596,0.818840200597558,0.80516228520717,1.12247437175124,0.327778394493428,0.661727270026674,0.698534816328783,0.202046974639343,0.711594953842787,1.04274841816814,0.499714847350483,1.31194991117314,0.625825619066162,0.491245066899417,0.519952892938964,0.291481010355185,0.486182193983393,0.642640378324633,0.852113747199697,0.793871181102813,0.847229136193989,0.69221187209728,0.684946041654877,0.468507803567501,0.622961467074418,0.836287101218123,0.627528975805818,0.403033957020804,0.814482569379537,0.541593014875526,0.893417424590874,0.681507836724575,0.775419559521676,0.673352079013324,0.584483753240747,0.913155252277737,0.494944026868095,0.22310262215955,0.966658600948989,0.740882680218813,1.14064291494048,0.256366185026788,0.401119978649595,0.654532644634689,0.679096955817693,0.866669518801593,0.651474649854954,0.450305829774827,0.71827315018292,0.829340871861078,0.604202922862216,0.513588302347953,0.412985739737905,0.860284090244207,0.676211567495685,0.981532382680931,0.349972266287161,0.690818280273651,0.963133675868472,0.350795306464863,0.527724632846452,0.502144721541228,0.858548674464596,0.476349094196746,0.830360206548263,0.962705565328475,0.386536057390357,0.680430941040018,0.61354611710119,0.663270178922014,0.651883898981512,0.896549501344576,0.484475302188476,1.00296501053901,0.86663297938945,0.295626529666711,0.511417573034639,0.472374273721229,0.946254102922828,0.839589295770419,0.687937305187437,0.63189931243981,0.277160959420292,0.650225255596819,0.245254684352436,0.466703502961522,0.657513291538096,0.095697150972726,0.51033898191446,0.32974112146583,0.257589476617416,0.501840640001739,0.606466713413944,0.971160790625938,0.949394113058011,0.527563757550877,0.457183853696516,0.644692376256176,0.557499769214383,0.422147743044389,0.714091479057879,0.468502498347416,0.984404861463094,1.07408687243894,1.22099030347487,0.322859261847091,0.658842636059503,1.48352526787551,0.423965178411499,0.44387441068399,1.1189184149443,0.771143037427766,0.427494345292902,1.1336771645318,0.667733917199052,0.576114168169156,0.381288085502074,1.23192935988735,0.672187373022942,0.972736311412418,0.133728336727406,0.270075286984743,0.692650011235302,0.846688755414838,0.732080390956576,0.531037013823441,0.405321295758272,1.22189174142918,0.309988033205255,0.815394790173812,0.280803966641385,0.712921695521204,0.428997737649731,0.514041027841515,0.665035356936836,0.407464445919436,0.718883515284687,0.298134370409553,0.947526920091292,1.04888768444243,0.796285810833022,0.591440133958939,0.449696897522762,0.706161570751469,0.236788967628346,0.695894205890449,0.414938825196888,0.762401949452467,0.559957594985208,0.490983017902503,0.669049704520453,0.835834806118377,0.344626330125933,0.197796613543846,0.618547903173207,0.655716347312641,0.607366581847718,0.935854662206173,0.618447423535234,0.913671733201103,0.898380441190501,0.386970364534022,0.754975586428523,0.615242568559388,0.538854356756693,0.992294025446752,0.399243523089271,0.790237806591445,1.29953640617663,0.873498110163592,0.670451899693424,0.515214402417069,0.297552320646648,0.539598845362165,0.926447285154798,0.892123480049565,0.849991648889834,1.33577176618902,1.66798505420401,0.492181675636886,0.432159487614897,0.615909129556282,0.23075821554969,1.0525855556867,0.598379360833257,0.918686422084786,0.273594018157377,1.01215594184471,0.912436948306427,0.477044969576099,0.733959555354074,0.204021193506863,0.470077402636066,0.42757375129855,0.427611252188109,0.576398431761676,0.4552295917493,0.247856531596244,0.325700655678231,1.0087025426538,0.683937743950299,0.67096669825044,0.285764227902609,0.733176848045752,0.523363468347974,0.469293264965765,0.419604177729258,0.349987462281424,0.69326624368511,0.592742616787149,1.15302574470415,0.315914982391553,1.28975841336177,0.934001214405094,0.226571063476578,0.593703178792238,0.424536827644493,0.489324768921417,0.337646469783164,0.5370607672991,0.419255930260921,0.535407190425132,0.229322449658267,0.614099047807371,0.651864818576162,0.740206287308695,0.348820055138542,0.619618260190912,0.790104712029473,0.234789785527284,1.09731465761361,0.60356179008488,0.454565058899855,0.655831227273168,0.94046365347261,0.405940232274314,0.44967171892647,0.754818598951058,0.914062958808256,0.358681018834551,0.508933175122885,0.673816592829541,0.796321092693657,1.00460412334621,0.692061206030525,0.350748753119979,0.372488658529386,0.538193874132181,0.224082787131683,0.473439956337519,0.284761127716949,0.686465092430785,0.884195901584108,0.647287870960873,0.775169370675228,0.839339338011288,0.558579995907547,0.40810038041154,0.500631487841346,0.882285894367832,0.455877806132838,0.358368727004967,0.624617009473567,1.06791869113516,0.213778388586813,1.50624410599027,0.484179824436267,0.448719694181307,0.570560299041294,0.482502982270503,0.730336696100937,0.678750197631879,0.63509742931479,1.08558304520162,0.67394233656405,0.544951322513309,0.702226561270895,0.722698013664047,0.0954177155052301,0.776300830600692,0.474018547604468,0.761132245656271,0.205162734178869,0.879102297802444,0.671886846625587,0.476901894636366,0.457624516587969,0.306524429066311,0.868399427799769,0.960830448671768,0.597418205403026,1.2847511464169,0.693746549260816,0.303897190229962,0.7434270629204,0.107864976009556,0.851777331467776,0.590069595491712,0.623538661039481,1.0942109248856,0.41684420977824,0.402964180836054,0.546471383425328,0.72963432610876,0.465275489029541,0.878310577608881,1.08596482688935,0.89955264206702,0.555339799692799,0.757675306381874,0.819381789882934,0.74521925631201,0.82312245673049,0.384199431138294,1.0761818980399,0.631296046119578,0.338658673595744,0.905301347027116,0.545730555482962,0.848982095380585,0.541365496877145,0.815760613778102,0.758643100611066,0.841203691088812,0.420192896675206,0.562141492496205,0.58955720418338,0.683391624853869,0.667655980344504,0.209728726016149,0.749409817892827,0.559520653460826,0.73153946507272,1.18201576888838,0.744389469695114,0.254243468709205,0.748191288420052,0.339349202898109,0.767851724757236,0.496445754265048,0.462418903089759,0.465195442642336,0.81646306710168,0.857315972017109,1.13560426618602,0.35408087944333,0.598440496137669,0.29043572511826,1.15902285149104,0.559328210937692,0.712349524378467,0.521733442836751,0.326287606934298,0.762918798631679,0.705485556050903,0.740116871337799,0.573705047176223,0.799346757912966,0.242950195793129,0.858003098478276,1.02272432716461,0.14266504155038,0.485859715101514,0.486242334379437,0.739061599720468,0.396106717074211,0.280664811555893,0.61656724848654,0.602648072898212,0.560235136813136,1.02524222305573,0.755855519496186,0.501450592001058,0.350363786709131,0.812380260217586,1.0012654948132,0.765503251146212,0.603398776210008,0.736756609772178,0.577688566736892,0.549653840914893,0.967770593286229,0.40098074542835,1.06041939516704,0.347913962288702,0.550989428154498
1.00454682814342,1.17198875519156,1.12150427674316,0.945336716899297,0.4710299972616,1.44414323705502,0.731763975032156,1.37065313609287,1.47045635583501,1.19180610218528,1.76965696664657,1.081346373121,1.16162382808609,1.41136586712987,1.07861831419307,0.898403351462841,0.561397720631273,1.07552111890867,1.33025070056069,1.11703027494693,1.2333648874119,1.37343551906305,0.729693838514865,0.885558585068133,0.672852014740261,1.39822463619317,0.974622520608137,0.587005637942364,0.847815976970632,0.806776697457241,1.02127706254849,1.18225818666985,1.23529715963218,1.37285842367689,1.30219892938207,1.13902507762944,1.13129715963218,1.11397316829289,0.899051819790794,1.68046076028098,1.32509846197051,1.13406419751195,0.917441176056773,1.02813118875295,1.69529946637601,0.858965758817904,0.451107091890482,1.18102660337165,1.47289664131415,1.36828840479802,1.03835759040292,1.21338478489702,1.03191329370744,0.987589926162963,0.84803956371788,0.611966582604446,0.768274623094278,0.990519834646789,1.11501336271528,0.823200014147798,1.01822442609089,1.51348128455783,1.1429049972616,1.57582783160549,1.06575822615846,0.700080380044411,1.48991113997264,0.510579812625137,1.24905863251263,1.37169587731233,0.684517217318212,1.0956161898557,0.973134982799388,1.17446395828324,1.29330327939917,0.905451533404182,1.46629924832148,1.31624419562687,0.862840424559625,0.869302397530696,1.14271662725119,1.26177046640815,0.833782248626806,0.76049140579665,0.86514228555306,0.707548042545431,1.26456272887333,1.70276581065118,1.05341409945895,0.884318716215206,0.910073455612821,1.09679126423968,0.953654687445295,0.806566906943757,0.829649377319546,1.62852703120457,1.00847343632581,0.85160551614008,0.653974857902049,0.674800472525695,0.7557944843303,0.551605516140081,1.20189254391557,1.12137356217892,0.821565543610429,0.838316035913954,1.02080149572749,1.34917584248805,1.26117698407991,1.05704943442563,1.13565904889964,1.29732573421872,1.10947273290962,1.13577716527166,1.42760374368844,1.4345551675449,0.790645501934379,0.975303491348011,1.50965114071336,0.973608865307249,0.722588351834748,1.36741156005134,1.02458303186454,1.09352110738137,0.854085249374804,0.968159081844233,0.870873287385294,1.75503879324786,0.558717339885522,1.10505942824179,0.836642861013469,1.01028407713071,1.2623247147501,0.913009549142413,0.886385645800479,0.879666728669818,0.797642154688439,1.03447241232298,0.880026392060414,1.10276630508219,0.701471384001819,0.995509516620028,0.902762508390486,1.26203559399649,0.791175705690671,1.14173472799209,1.05365171635949,0.910679020248152,1.20112191730577,1.16949118302989,0.936260812542913,1.02028948983281,1.0703923350195,0.649110652298685,0.985253633599567,1.50127658347151,0.550904923801523,1.0582481754836,0.961252541598724,0.785072465968537,0.663079429618567,1.0488440189981,0.515919964782888,1.42465696664657,0.439263582001682,0.978587681499466,0.791775368630698,0.637439811756202,0.496684469339712,1.10357042432068,1.16360651058918,1.10287810544335,0.955946572380979,0.939833094514186,1.05504498751352,0.808000018321834,1.00030771062953,1.28340029999044,1.07248846055322,1.08849114129544,0.992097159632182,0.645238259002409,1.51404001204334,0.970311726987892,0.962372491039154,1.44900346853168,0.70322475133542,1.04005679802593,1.04810312087757,1.0335299972616,1.09883166524217,0.817651073651637,1.03012003302468,0.933748014801861,0.615835577745428,0.755367283233747,1.15480261249274,1.00797745067344,1.46710757866366,0.66356700434721,1.05212119637094,0.757779037720885,1.17355426278694,1.04523602774133,1.18223683423327,1.01576788704915,1.17346921288795,0.829475413462559,0.528510067356895,0.625947890575059,1.08927101662455,1.08119602992473,1.19743697874295,0.77144489076969,1.0607022603842,1.38595470815185,0.804073836183349,0.753150706045434,1.04088094780644,1.44382849094181,0.849089081588574,1.02215149088045,1.23432946467565,0.762695096955935,0.871484524388855,1.0362400067049,1.42904483997279,1.29593874120184,1.05827218280675,0.887877321286649,1.22750694171693,0.664170308057413,0.879817093017241,0.70329835064664,1.33322535156653,0.635547646734742,1.11705862865827,0.880772182806745,1.36033400007217,0.841076832477873,0.989817545502375,0.854944035592437,1.14785702426463,1.28503998788904,1.20300044754252,0.512101977111298,0.756476954387552,1.00683825900241,0.919784951758442,0.859980156475826,1.0061665335425,1.14351155851911,1.27315680313937,1.18070807341639,1.25688970968378,1.47294867164709,1.04347140466487,1.26833773725812,0.814969913831195,1.03004673946275,0.679493591546128,1.13714114233616,0.766770771965785,0.852424274310101,0.944335084466253,0.876846791569694,0.761053329006235,0.982986451356775,1.29412062773114,0.896195761641482,0.96467970645433,1.11406548888149,1.42416426883119,1.42370922807917,0.837873530527358,1.22113255556161,0.519351754954645,1.11756318101022,0.893606871307193,1.03266395305643,0.98928050547508,1.23123938800997,1.905635435618,0.983353301836596,0.967711267859471,1.06047141535973,1.64683825900241,1.45564811680811,1.0204663919178,0.623839533921803,1.04623419688283,1.08469500788474,0.716073272644735,1.05476329571756,0.835068815871225,1.23421759444959,1.25352678439823,1.50581780143958,1.06611816010662,1.02703459149684,0.5163566210264,0.911757470109234,1.02175230040395,1.12026514734897,1.1705050497659,0.719314647360885,0.793581948776448,0.458863134818389,1.22554438529261,0.919292013974413,1.21834536899369,1.0013655639021,0.863637963623078,0.66009617936482,0.826278495438322,0.851225729445374,1.14138741607942,0.814847968567986,0.664308173663218,0.932429325519024,0.815927631634873,1.04088094780644,1.03252318299766,0.563263742182405,0.640023914329954,1.14149700044751,0.763358035972329,0.879536565267364,1.01087550977775,1.20916944682089,0.90656435731857,1.12821235861535,1.16845724731018,0.810281966646573,1.1858737472616,1.3063707477434,1.17595833765795,1.84108156894803,1.11158212833595,1.19803187700021,1.2835299972616,0.940477799060645,1.37152233157222,1.61240843746479,0.825878139921466,1.00980944238886,1.26791569309249,0.970430036307131,0.952741044402953,1.2044505728872,0.856087728740006,0.443392436517903,1.30967279514104,1.25898776838396,1.21121002980423,0.960844790562775,0.348117909047115,1.2262597360732,1.19039385876418,0.996776600415599,0.919240992188669,0.702072675680365,1.15502111093509,1.35478343352413,1.0556247185365,1.33703291643415,0.78458541928958,0.836476349682781,1.09983684132967,1.56430494487691,1.32482391467327,0.594272909953626,0.870789939234044,1.01019261977107,0.816331564480317,0.96582623453998,1.33618547588524,0.931451082001682,1.00206392255616,0.82617562703329,1.03919415294582,0.846838259002409,0.837418444860308,0.891260661327792,1.28547734440346,1.11908799576844,1.30500649619069,0.599457033143175,0.903870784600541,1.09817506095278,0.955263196820889,0.847656606856988,1.30998647332415,0.884269678598078,1.01478527812909,0.684097671082854,1.64683825900241,1.05989883446315,0.715081807068711,1.72115305664998,1.06344088490552,0.778634308128804,0.880087173077167,1.02116496189938,1.1593827515585,0.91744422820805,1.42183332875883,1.7311665335425,0.974988585183597,1.03222739578817,0.988358214888218,1.09368213734722,0.861473352507483,1.06381206369077,0.790248539031893,0.927584499245992,1.17829340571064,1.07799767692853,1.06067902024815,0.782865947604979,1.00501058601276,1.38771241860111,1.37821498667025,0.937849045436907,1.15638391262002,0.573313268059053,1.32573184285314,1.14474897494509,1.18032693365735,0.877300525585601,0.983374903076213,1.21580900232851,0.978251248484586,1.13703382068904,1.1485001739382,1.01947136494856,1.01614802095211,1.49437652043421,0.7796237472616,1.51452114853338,1.15271978675369,0.964676139372711,1.13321072399112,0.695866152529884,0.983990171832093,1.14626713269615,0.607620390854067,0.764299593452713,0.765982891801152,1.15616677584737,1.30145195346212,1.28059029130611,0.887363527189228,1.21991844054266,0.984420181688576,0.953004659661445,1.25083986503995,1.44058496971524,1.93234622615116,0.931876520434208,0.934463814354519,1.65069253822277,1.49337482558684,0.596639604480114
0.906920480774648,0.932200476243757,0.943689540819256,0.859475052114834,0.985610977986951,1.63739085968112,1.36625781593976,0.858183579803862,0.73153845283468,1.08587135668128,1.5683734432823,0.736009108296996,1.10584901169563,1.32871007749343,0.899140365719524,0.626538339866776,0.972330677786588,0.778359918674185,1.29471428836778,0.885993180261139,0.714347059632667,0.728790660984459,1.27004191943963,0.822363621886501,1.1583283505386,1.41091448983281,0.786504981148062,0.860168377393851,1.08874975525921,1.32787976053363,1.04485218851251,1.66517624422215,0.964886518865374,0.30632229048406,0.714876278821055,0.78194867767975,0.814200388411391,0.633071455995048,0.679261487327784,1.23617459710837,0.769237249459267,1.02067902024815,1.37187032793281,0.855212276036854,0.731071798817554,0.978332868210602,0.923575085600279,1.32180907913995,0.882700762045784,0.688584783526304,0.851426554196314,1.05912415089878,0.811886314783773,0.723697611184226,0.727259374592617,0.985237453669912,1.22245748423211,1.22683872541074,0.950149615903587,1.25084673233148,0.784528506573393,0.878941198430956,1.14543950249179,0.853368981057395,0.859546641535996,1.17223621908932,1.87670062463356,0.937536539227339,0.885597090380542,1.15758635004224,1.12743884947341,1.06061097798695,1.02560182594597,1.2106444285355,1.13027708512402,1.05041503118401,0.766877808128302,1.05232834697592,0.869168081605347,0.807078640562415,1.471003244894,1.10013796156827,0.793428640706223,1.3067760964428,0.865581362971628,0.398294387642937,0.98280904533663,1.15620599789387,0.919549422064717,1.40886906664503,1.38943902944045,1.21891628856423,1.12605873976148,0.882732904357945,0.695734077009411,1.21761259865766,0.938641913748655,1.37648185483592,0.984153678702613,0.743413386983523,0.860279284101095,0.711224782357908,0.855848982745347,1.23869208319025,0.61485194316529,0.711190375435885,0.838396568718167,1.57443116998902,1.15154839958689,0.646448190855152,1.29827090184395,1.25048216203627,0.738374158555607,0.593913145958471,1.409917714726,0.992298605213079,1.2693023975307,0.975324091361557,1.27938950646143,1.3805872811957,0.994381139844228,1.63801066518411,0.748853543841985,1.08349766359964,0.702222663508647,0.872444857768338,1.16555963558918,0.970510362698384,1.26057981262514,0.886955656316154,0.786948034452918,1.02750331075855,1.39886261068594,1.17348976161001,1.87001434073579,1.25302002999992,1.00826245829961,0.92090414069844,0.746674498703324,1.02521662725119,1.25677038733357,0.992328614429912,1.06490066065717,1.01770375600849,1.09776322164027,1.21029305626342,1.12778196664657,0.855410531640709,0.784995749748533,1.14148564554329,1.12535009686608,1.12051948645906,1.28089556423324,1.72106066096681,0.664362895261382,1.0899368322816,1.0487984501323,0.97096904138564,0.799363927916891,1.01344716059251,1.01058300077153,0.877528786041045,1.24852027612072,1.08171236650324,0.815318461505835,0.311639365886136,0.877249584805581,1.50394651073872,1.01546208726217,0.659581208980778,0.87443057491456,0.826909946465294,1.13320298931454,1.25402813892519,1.79627845936894,1.13566788663838,1.35015601953256,0.811024342863342,1.02123037253286,0.869635792583918,1.11162427867686,1.0007667349285,1.08807450642155,0.645294657770418,1.71924262187213,0.877232031381871,0.617156392008228,0.888453975803647,1.16294977278017,0.974859049129052,1.908383682948,1.15379452615018,0.673116550271558,1.07756733974928,1.34111237105422,1.34361333917964,0.796277052468496,1.12068023698636,1.1448578361959,0.849062087262167,0.840936120494614,0.956517470424371,1.20203621688077,0.595336481329516,0.912781739326145,0.780279003220664,0.660865459196272,0.700080380044411,1.07412169034467,0.694528738802453,0.671416485784863,0.862364498515975,1.11498327049653,0.946992186569139,0.980758320868022,1.11092864070622,0.885697613180631,0.921882513368634,1.19417946947424,1.32891815730418,1.43903050186221,0.836457992332725,1.31555693298872,0.789062148521914,1.19047537889521,0.816906292585981,0.884985708684123,1.49771895323308,1.26811884633962,0.768865594746781,0.750969109151015,1.03394255728663,0.968169652095766,0.693492998111682,0.925870444350317,1.04972163935374,1.44533140525405,1.19961110653661,1.61230951923502,2.0607666346208,0.802128055760027,0.826153176802998,0.638997481565004,0.4983737472616,1.01905325351205,1.10540264465362,1.41861221722173,0.775462087262168,1.66240691412571,0.868381479031485,0.919454852809822,1.02588103667181,0.825618983320683,0.86732399200762,1.06446868096611,0.526178478670622,1.26682203703271,0.615614975766725,1.12493075424104,1.00115513055921,0.614558986714652,1.02504166701902,0.666856782273279,0.787969711722201,0.617887929040243,1.62443825900241,1.25943038680658,1.70229314594463,0.844724989039135,0.721965399370686,0.654124964422333,1.44525194316529,0.818180585589582,1.52960978610546,0.912412353581484,1.00531765172036,1.27567276966306,0.832614393364963,1.08402461847453,1.19176062236173,1.11010461755605,0.855161806610051,1.61475141577576,0.701137478706829,1.28902903772089,0.834437879557375,0.779189429247769,1.27361474039555,0.869251954887869,0.479059028919331,0.587179547743354,1.28684175905869,1.24856229971545,0.659160040798894,1.27420566313939,0.853814320193702,0.716380060765071,0.927599344100612,0.991801793469764,0.710673803448791,1.43080283639949,1.15805828433589,0.65507515108641,0.900589067870972,1.30776141733837,0.990763799705069,0.789174899893602,1.236491816793,0.899697159632183,0.563402417937529,1.13675344705435,1.72045635583501,1.05852983846748,1.20922958766091,1.23055293684417,1.09839286410032,1.13899412176388,1.23191545072616,0.831567466946125,0.74668954444178,0.804756070809227,0.989261016861457,0.903238298895596,1.29191711473829,1.28009715963218,0.755203961238179,0.526376622215976,1.09502957510104,1.05760698220631,1.27730408356454,0.905867509506508,1.09275784209968,0.739028188540744,1.01461461838371,0.734186176643307,0.610578002165016,1.06132030578256,0.939263582001682,0.605840021005946,0.944772247979792,1.33903603465831,1.24785933260159,0.731843629071003,0.926838259002409,1.37757139426307,0.997610485926033,0.889321916645488,1.13577544649905,1.02296120033988,0.816564564839895,1.22328681293227,1.30386035456082,0.877788219714943,1.3519098537469,0.767345908150076,1.21588933521413,0.805606997901643,1.14397206750664,0.918643688179774,1.03015804118526,0.684782896916795,0.999607047770122,1.00888745318995,0.961818675032842,0.717297159632182,1.44522476443865,1.07626616240431,1.14525322620999,1.22118495661605,0.887315378798068,1.07091147931518,1.49529200603848,0.907325734218722,0.289116934867711,1.39534449126147,1.13308686112535,1.07405490401521,1.29515772921207,0.816041491154218,0.890169101445436,0.746037047089032,1.01271989301394,0.755936576199301,0.840303486743037,0.986459179098961,0.833237570951205,0.846472618849121,0.915625319929486,1.3693023975307,0.757213776321131,0.97052994823027,0.952423643588079,1.30496177014753,0.886393797128045,0.699421252414384,1.11620188869928,0.687606621026394,0.930742434234039,1.41969715963218,0.820887651073893,0.772231562876625,0.756898366936453,0.623753653821647,0.926844773425584,0.676049960584524,0.790788215475512,0.865849011695627,0.983886398579566,0.974656966646573,1.25218841682366,0.711166107496164,1.31329225844811,0.954369461988325,0.570613634334748,0.926728246219082,0.775887730094869,0.756978639070318,1.61450739748019,0.953614818949788,1.29788650460003,1.0882341357677,0.915233045123749,0.896551781289687,0.726643654411968,1.37204070215027,1.1016748998936,1.57763140045257,0.735913639730131,0.79594762652633,0.826958894501682,0.731440430577782,1.0730533102931,1.2887184338305,1.41251591435296,0.912660331019757,1.24140129624586,1.0980440035512,1.09623210535942,0.878968981057394,0.710844790562775,0.948343719981584,1.06785547273994,0.974143107319237,1.22876193360887,0.870935954288452,0.671908554426622,1.23711514450168,1.54863858200168,1.02629238316893,0.91274005943374,0.792656475661939,1.08447392774376,0.920689705068966,1.35493340159517,0.766539152151034,1.12028948983281,1.09797550301459,1.38778403595541,1.13271117937295,0.924877073719469,0.852499307346238,0.92121472437706,0.718703055114795,1.43961092010823
1.31232646004597,0.835959602220522,0.916598106030955,2.38533197445637,0.970588000421435,1.24169653645576,1.09013595917621,1.13424046518992,0.871640042372804,1.06079931305001,1.70002047891864,0.723641579597933,1.29578619051957,1.10705950207246,0.903523845706292,1.23670343809404,1.16526522773945,0.758397785921893,0.899086185955564,0.953251243339523,0.907710335328038,1.21318762977044,1.36373504445994,0.964913984061814,1.05324258531975,0.99320645663599,0.855816566550552,0.869517905701422,0.915902491032124,1.17386187034259,1.02719008761398,0.957658799928061,1.42511131314926,0.978191901483211,0.814844308222635,0.806310392363897,0.69020356436834,0.780391689082065,1.22161986587496,1.75818038519389,0.876608995397752,0.879880601383381,1.13455312040298,0.935154490268832,1.17480375869425,0.859089406219597,0.782493339350312,1.21090809868601,1.13258720042426,1.19049837780676,1.121687389776,1.19248897342173,1.00465540698656,0.773633120367657,0.913183955502511,1.13415560476176,1.61063054255879,0.968449833647471,1.0037948961253,0.879297453341569,0.830402316446945,0.75101466409356,0.847604374144908,1.0014478622272,1.07573123037764,0.995558941799378,1.79581267724656,0.98112020310477,1.16720696811218,1.12697293991269,1.19880194680033,1.05669063311844,0.708071590961753,0.987705423535401,1.31319404537228,1.13157331573829,0.78161821030369,1.08849916343873,0.957270053827994,0.943335915771473,1.12542775861009,0.914227324505222,0.894172031944909,1.02890215713632,1.32065172654466,0.814647924245416,1.07352417720958,1.66802721684794,0.989979869276116,1.71386249500738,1.24993011785436,1.14845916576869,1.5199142816241,0.939876249713042,0.961964581609664,0.958331133362017,1.05737008090771,1.24892775755673,0.912970917842883,0.880675279268961,0.919925192345374,0.795713091305397,0.728841494674307,0.975446543688462,0.81330544205325,0.819380754359242,0.929662259799304,1.26891723017629,0.911394321115229,0.775328545418277,0.969614060374567,1.33875726693929,0.756013436255557,1.03965723596772,1.13578515332696,1.01476154824891,1.42718492716091,0.81282523553667,1.31051968857359,1.07165266266864,1.00233607285111,1.09326590799081,0.95219222100343,0.915526064272257,1.47107037448606,1.36951958459476,0.949875557514375,1.43471059163173,1.46636326197848,1.26536980844531,0.746925998946894,0.957307371072926,1.26835703746878,1.00415210588404,1.28811942923104,1.21920541191411,0.82168204756868,0.889334002244577,0.997732417044202,0.963870043641603,0.959487620597547,0.816616035734226,1.17785651518426,1.04179677380752,0.967465118399899,1.01932924263288,0.88182252130605,0.766110118921012,0.853375856016412,1.0382123351581,1.29014815301673,1.04323488069795,0.90101078847558,1.1816569842723,0.683000453257503,1.00666279992806,1.03317272310956,1.14362039598894,0.881332504570138,1.28611749027605,1.01602634341373,0.754639240546264,1.30991530765037,0.925688156119923,0.750469037850222,0.692771008959037,0.851624153392432,1.36914988277079,0.807325469711302,0.915915399988465,0.822130438202195,0.944588910196698,1.04652333321343,1.03753090264428,1.68153043431339,0.922110459856741,0.991242241947332,1.18353921883459,1.29127536792748,0.915454002641505,1.02522352970257,0.869600403721518,1.31875702382942,0.836590727667326,1.25901662818136,0.897202105030346,1.13789065109887,1.0819216151077,0.980859536678833,1.18591849314439,1.09262417552253,0.970475713043436,0.76562093642354,0.930599841435542,1.18084167816082,1.20678671340509,0.923942386337116,1.0153864679765,2.08645122793895,0.923297212430896,0.604533211758557,0.962415194496362,1.18415395095391,0.87415726286422,0.916362013641785,1.12581238975108,0.885698499396234,1.02276975030192,1.07501494044201,0.740715173655279,0.736334044267021,0.786490954367681,0.974331004447909,0.850083327351416,0.798063323579421,1.14929039774056,1.0552885037727,0.970215860092796,1.10923388726663,0.962893006934098,0.951109070672067,1.0394776021702,0.826826652730442,0.881440370457886,1.02893709198207,0.906262555308694,0.86875271941244,1.04698791361356,1.13025870951537,0.845606881983407,0.779934605680001,0.853962985230547,0.870260221619434,0.751504359004584,1.02199354994014,1.05835954442276,0.963483085698421,0.95775342508544,1.50608595141094,1.49667331926001,0.873073994065368,0.88518512294867,0.827405769385199,1.39155317115899,1.05558318374987,0.975797639389725,1.07831203684522,1.27120794504477,1.21947179924497,0.909664707251416,0.886075588923468,1.14387245448324,0.948487399217145,0.869263047029775,0.866962109829727,0.941594323667866,1.7039750575911,1.05942567959687,1.38381077768775,0.904561083639318,0.881019366462445,1.4334070686884,0.708138660250043,0.949701250892207,2.21847010677336,1.5053176906321,0.975683281643251,1.21773821609931,1.11641969156529,0.966731991839007,0.748323525525129,0.934534648963592,1.16151510562681,1.14887147935042,0.964837730773555,1.03491660987188,1.34664970974643,0.90798104262831,0.909282975361891,1.02478581647495,0.869963731709191,0.825839572192843,1.37347848290584,0.674499523559957,1.08288518214817,0.913122436737014,0.760542713760118,1.67780956375035,1.03556683802879,2.37836993609919,1.05941402951767,0.985842758617933,1.19206158461097,0.865477560610693,1.19643359680553,0.769045922299636,1.09012167332565,0.934002599610277,1.11633793513706,0.765045802189128,2.41487664190654,1.0791743116301,0.951906183148337,1.20580724823734,0.864671300510644,0.7729085188742,1.01412973009958,1.23975183100855,1.59508763260594,0.691759214528662,0.777684974749382,1.13524398563202,1.05448495800516,2.09803997688702,1.36208020108166,1.27897005054821,1.39669264814808,1.16427384038131,1.13197196777186,0.810604074960152,0.976516319755398,0.881867701481302,0.944887990811727,1.96006077185078,1.32863834471238,0.748079973381168,0.898779413311488,0.886420363309794,0.892722652963959,1.14465348847751,0.971405859925271,1.56722755696829,1.02565568957889,0.995056954993393,0.82399022996177,1.42269228150278,0.807661999244316,1.3175387499746,0.722552388387315,1.34477530459746,1.03224150524081,1.01793274905032,0.978746625231343,1.10914967194266,1.01836865748496,0.900778461450686,1.0282097937584,1.61651813630522,0.980029217537207,0.838027701335507,1.16216068931685,1.09671891678425,1.42151016101719,1.03287503254377,0.927706960054119,0.98871176799555,0.930771140499225,1.01723512210252,0.821261435834475,0.868362351434023,0.778878703789583,0.806779898166058,0.930318611261557,0.93934650449794,0.783204819827214,1.01760427976577,0.934547075517099,1.01158677359547,1.15011279103214,1.59888210238579,1.05471934000934,1.2060275564985,0.89374388736548,0.684591439983068,1.10926280057702,1.16003489577863,1.45023935815082,1.28786946702308,2.03712702370728,0.862447248014918,0.694634784010185,0.879076840380619,0.811073403732786,0.911540813744885,1.31465327107768,0.891079941199698,0.817564125328483,1.07285092897448,1.25143308318388,0.932852909963336,1.12856898105739,0.972051263407818,1.08782140002148,0.807194164871805,0.940909155393103,1.05042522773479,1.48200918881492,0.933492535140146,1.01115937083416,1.09587482946172,0.887212595917702,0.914826705340103,0.731877830211989,0.924697370793287,1.02561980443178,0.779151106180803,0.693348050352431,1.02241377332497,1.45064112270105,0.973207983235606,0.778558382386744,0.969450179593992,0.883713548238977,0.867382005462507,0.803207279494492,0.703979095568331,1.08258298960447,1.17232477137991,0.957852216760751,1.2677122614619,0.969259153222213,1.09895164879429,0.972184255144791,0.80634389348489,1.1941767966737,2.26526533081959,1.11211699926157,0.852592994540066,1.25134449126148,1.3128701348054,0.965528961055879,1.22861778123963,1.00431588451309,1.15087702299715,0.837276280630546,1.05520006545496,0.862635107513635,0.888724600003221,1.0449085852086,2.09902589954998,0.898594308939833,0.84382142984586,0.911428655738759,1.23425689834215,0.947248142117056,0.838788513870879,1.42974568691482,1.22625606646758,0.975063615965482,0.973772034309655,0.744992555536223,1.03089222197249,0.878802982705609,1.20947901690067,0.838393585522918,0.933844870669681,1.09161805168685,1.0118827950772,1.19186650074967,0.892719690440461,0.872367465492706,1.28556161810865,1.17490369857354,1.26298311911306
1.03583776585023,0.619382794563237,0.715030461181938,1.5498535818325,0.830389280748413,1.13229437152846,1.0062261881622,0.930919384931075,0.788405181524942,1.01802707836872,1.49659686689186,0.582747104916287,1.16599922938363,0.947104425924908,0.740323882954651,1.17851064049573,1.13377475314666,0.652532703269736,0.668645372519158,0.749919280355789,0.604217547749184,0.781855133498391,1.28297602387327,0.79424555887888,0.836475437740234,0.730731032212596,0.634291091018644,0.689816668967474,0.859216180999988,0.998667294599449,0.887749006680514,0.895286276044047,1.14634703051987,0.89695558216244,0.551856786973284,0.501771346754587,0.542172698884155,0.752274147642963,1.28831700511705,0.958633399879282,0.689034815381852,0.683383765732794,0.991373437759727,0.731260735212316,0.868084441747463,0.611479451457941,0.658748895150255,1.0999870329004,0.652547336958123,0.647984137473551,0.80665400351722,1.12739109397534,0.756426904011832,0.625163919662693,0.828984914996647,0.779906944346335,1.31483262556764,0.470055565686122,0.789651811088613,0.616092951048077,0.96428013018939,0.625223532944189,0.756034053607074,0.703003597900334,0.914691513947682,0.837639448283905,1.74717546498565,0.906839844628583,1.09098944508853,1.17014089368082,1.29010353038542,0.881536360647622,0.706688884053634,0.782773687133204,1.3183314295054,1.00790425252416,0.542121305624812,0.707959295086459,0.763053374662539,0.780661699128008,0.983687686896753,0.9025216955413,0.632791340261821,1.02566007433277,1.17537351529012,0.584717045531309,0.907878327208047,1.32407566182905,0.724423630087653,1.6461835418899,1.17820489868705,0.851287498199571,1.34692653419343,0.690379175365373,0.777603603556068,0.857253965576314,0.843865429606153,1.15488081715067,0.749249961114166,0.677391133369467,0.718833846423585,0.664422297748736,0.639712598547494,0.87059925021938,0.661319091935237,0.575788521941877,0.789971281447916,0.8578878703409,0.929938764350653,0.668077048825438,0.94325510928988,1.02705048291224,0.636575229459614,0.940968957591228,0.722424375379697,0.386791637245499,1.34669635902224,0.743019683532412,1.29079960462106,0.638855927478258,0.762839381217574,0.84012891498543,0.728587465369235,0.809392780792931,1.25964546942258,1.12583699940424,0.743634682569827,1.34560341423215,1.76260040530197,1.00355679935354,0.554923461450308,0.871769369410698,1.03683542929342,0.896854068642973,0.830213329519757,1.06401866433207,0.855080476978181,0.567086498124681,0.817707790328099,0.939815714626462,0.790883935563102,0.659622357140745,0.944040547768871,0.948334122590048,0.712130208091839,0.834879641867445,0.776459082329375,0.57013733331983,0.715765739973538,0.883055479690807,0.95238427232974,0.91825044151419,0.767514470841017,0.775775077015859,0.525643910479443,0.770774684898408,0.896959088986727,1.02839816681446,0.699379138242292,0.907067907670822,0.674228590300683,0.619405176471913,0.756666862184924,0.710755691724871,0.615740016473768,0.371389629573861,0.551715556172473,0.864526503288526,0.607457459647265,0.670432981853915,0.621689340335969,0.885035881844227,1.01416532688889,0.971374192196145,1.30898704001842,0.759792000238697,0.748141001630974,0.803259992564257,1.09732152189841,0.620928312791354,1.01544510087385,0.697355178102106,1.35442716448843,0.583590180755395,1.2945644893581,0.772169423428606,0.766788939852851,0.760275248896941,0.881896371176912,0.870741692944318,0.959490130150882,0.892236613988254,0.63675092166799,0.960117703952345,0.856254456217189,1.16262298755299,0.75700061860493,1.03002894782931,0.649373460952073,0.64965891255031,0.634984312910356,0.847288591021275,0.825535905703529,0.719796639784835,0.624191341706592,0.970868006892675,0.620723821951738,1.00115988027321,0.684569099486768,0.650082180349333,0.560922070443908,0.602896304425253,0.723662243859906,0.585105048026693,0.651580692633056,0.775294978347338,0.825087305129614,0.806411281079568,0.975613249540788,0.87547351183732,0.75305475953019,0.917397693511532,0.408321253848117,0.741678566531786,0.842198989329277,0.805943859009042,0.669001024802367,0.915582927727547,0.810148313009375,0.799315244896244,0.475061924352549,0.390236863609279,0.742207334688299,0.678893421284509,0.755655753250577,0.905447923718291,0.734654706275585,0.970041051697359,1.54893486591154,1.49854200691233,0.737825533359086,0.809879208973244,0.609164609559573,1.40141735040379,0.62844514485604,0.804476888476488,0.964098986891007,1.13247751012658,1.01212566851927,0.610622619250334,0.595662045681419,0.857763180689203,0.883902715974786,0.815187116788649,0.827322281995497,1.12660961816794,1.69207288577744,0.770276257672509,1.14980092799726,0.84575036373694,0.60750086201105,1.24736696975913,0.559345688568728,0.788286349488302,1.42435912304248,1.22616320100776,1.04718560042977,0.978838984671828,0.867670757332899,0.56052974699195,0.538951657058412,0.635935412070849,0.784643620716009,1.05913079855297,0.771832268241191,0.605526265746566,0.925503098706128,0.8408176722032,0.770280234500892,0.772284279054355,0.549333773689837,0.770853724591854,0.877198908463213,0.548057552373934,0.760530164071809,0.628225324009812,0.667651791872449,1.56014547222708,0.887134749072313,1.35199971702812,0.962924516587966,0.815059413569966,0.636091316747715,0.640908371595841,1.10843477676282,0.533422254389177,0.708521968595907,0.768964584709308,0.756620365705554,0.601600404818957,1.66210467188983,0.925115637494903,0.767804241634996,1.27903063348732,0.64501905911436,0.628293009161142,0.836995464035622,0.819486057982262,1.6633468346405,0.575109063785976,0.611022433683986,0.953175449824196,0.896438609546574,1.37480371594974,1.04917686473774,1.07405571226262,1.39665768222465,1.25035738696108,1.11720786905789,0.69070860404112,0.832963425854565,0.854067230607769,0.77119913392655,1.68551316244075,0.946522412161854,0.57613779899697,0.572721173430258,0.696304959711659,0.499378938290579,0.916820210820319,0.821985495009094,1.1716328141961,0.874171963942524,0.857935092729596,0.719958611045488,0.941528907746681,0.656948730085878,1.06631306839397,0.534510285293535,1.04700310408953,0.792298856895053,0.994834441395306,0.50521131479906,0.891914838570818,0.706175749391782,0.689573055332549,0.625764229365064,1.20873434078445,0.842029699011779,0.696166564179012,1.03807990192864,0.987829165017309,1.24780512170915,0.882955779830864,0.803149292634625,0.778348653012523,0.406464776923928,0.892045582478632,0.627172041428265,0.787211427547751,0.544077861006272,0.771095257182947,0.80792163844713,0.722558582976129,0.677326955588525,0.636142681294572,0.879820340337431,0.870924380200622,0.899170069330058,1.55993206250702,0.978785829329053,0.903889962019816,0.828675845020432,0.340925679979146,1.08698524987591,0.910133795173086,1.1413178635249,1.05439337374609,1.56654731771105,0.607842259489659,0.557099153113571,0.719212895182923,0.580734177128505,0.810609793405472,1.38182218173705,0.835034474444074,0.73591727087023,1.01174298236897,1.25924459429288,0.809173248137651,1.11544061202577,0.660222039020024,0.979035745831729,0.794138138469504,0.636995111176591,0.870133451460889,0.698553828684317,0.779407477345512,0.815527002955365,1.0807753329257,0.760460008223993,0.734798097422076,0.530463126918345,0.777090939036789,0.808657798410031,0.635967339974159,0.590182414210988,0.433548321319629,1.40664727597274,0.70688991036906,0.67958367657854,0.908348812420346,0.820453711156565,0.557037150349623,0.679381260910727,0.492118726468937,0.708850002781219,1.18727532203247,0.852782925018815,1.14703104627274,0.900622298551209,0.900913073921358,0.975234995649688,0.552161846946082,0.889440175477947,1.43631936306372,1.16149526261406,0.693212892892825,1.05440103496216,0.955135615992099,0.60373516803393,1.0562967166573,0.822205764366642,0.911708917082265,0.645800949421575,0.892730245588521,0.456690064573735,0.813836795234229,0.799636742213487,0.5573399816939,0.709266804149015,0.745869690094296,0.791283793966846,1.01690905072071,0.541848195347172,0.608202752150853,1.1922127817677,1.04995989689914,0.854599236794922,0.857020407927254,0.640356625232025,0.779179299442637,0.816308854118481,1.2509888521202,0.688449332705601,0.889173820258002,0.937020212071567,0.799821528360348,0.779951961196337,0.808733559636439,0.635056648482505,1.18107445073894,0.788818277286889,1.20700948810795
0.743447066489965,0.654255145231887,0.778720406005774,0.236294053335746,0.965012008083639,1.03806326933902,0.690105306490557,0.885009576826644,0.771482757512523,1.01810860036856,1.17728113817977,0.667373562541983,0.875628756772818,1.07152283523629,0.758959022044913,1.18810802778718,0.709637990103025,0.670515014966791,0.905488867643516,0.846530102959769,0.607367761325863,0.745376957739636,0.618450024408126,0.849493300534698,0.5854626484379,0.526226049471611,0.704430840399158,0.737255896479019,0.798024410854149,0.752528834374015,0.61915149526834,1.09511534628279,0.751911691344068,1.24548960188983,0.497475467197713,0.45930946640634,0.632176624081099,0.917725030282679,1.08215757786105,0.424104164159582,0.741326108811819,0.710610818804936,1.1567861081047,0.762794841677138,0.836967492363941,0.670131162833365,0.700376481435722,0.725534482404851,0.364755821279926,0.491232699004385,0.851309659549923,0.873154448867626,0.769125079845859,0.631976497193815,0.854842359003871,0.446481922721199,0.641295858773608,0.371323404679994,0.797620573804129,0.366385582102198,0.973344799783239,0.718632936224137,0.795224407128526,0.414349132124124,0.68482274799826,0.807807562671686,1.45753819248071,0.87948412321772,1.07056314443466,1.10103421860404,0.893935115582862,0.984621005844571,0.632336430003913,0.740602483433654,0.756443498170189,0.419518331174606,0.603240458322848,0.711313717833697,0.917273098679561,0.942763544034507,1.06504377420907,1.05905499112055,0.630079059431595,0.849391881147853,0.938571798757573,0.369495057518383,0.906508504042207,1.35712885300595,0.567390857744028,1.43716397835131,0.872905282591571,0.600938296114731,0.603839696277257,0.390860805149861,0.568572802430686,0.781528820515739,0.934836080595024,0.965500080000998,0.821518737911697,0.811947071931584,0.8479510564949,0.563916550021599,0.682776533464777,0.951844506009538,0.777384290011533,0.475327078056529,0.851557737169086,0.766060820911619,1.04021998540203,0.692271803128762,0.93395386813671,0.783170576692762,0.715920323379654,0.925226481768417,0.542524775030537,0.246524561624531,0.967068843756196,0.826679490456179,1.29849502575196,0.360447078367935,0.534039302278297,0.924603317428356,0.690127462539807,0.835758625062196,0.9283724111103,0.733417751819339,0.93851495432903,1.25808957826984,0.896609285825518,0.774842653063334,0.605844208050312,0.917880761455848,0.806102198195943,0.904516091893843,0.626648042741291,0.730361152605625,0.832854157907473,0.451132032651789,0.52815754788999,0.686644538914856,0.840006703392902,0.634252213242445,0.905137259696106,0.952384965997635,0.500417149240013,0.832903920491557,0.73080093411785,0.689447786149728,0.68852136288391,1.0328348126878,0.7029507970931,0.99340534811786,0.891182511986568,0.380598927525391,0.640513474672196,0.775401916195971,1.00481382530041,0.967365374093616,0.786114734868323,0.752357716256614,0.385716065246668,0.799345534239721,0.36591077485845,0.736258093052742,0.701132066118029,0.210383025041402,0.577237867666021,0.386972213114449,0.347165084724214,0.71465890585788,0.628508257985211,0.866582053160003,0.957440757717272,0.682761762866026,0.598418892622789,0.799332030719979,0.899995753348577,0.716019151342631,0.75832939851793,0.475629760633427,1.02621825039378,0.766889007599797,1.33301102546283,0.466312867056369,1.02224414587873,1.26505629920847,0.626143372565161,0.638827755076464,1.1661010912868,1.01262773752783,0.707039272029476,1.16246494550914,0.69770338772354,0.769132365922446,0.420675744728921,1.14757313166748,0.867207098032191,0.89632110501429,0.411028231017428,0.508413013370616,0.628399110896945,0.857132341947067,0.971187332263435,0.752136901900287,0.639084942737902,1.32910655528136,0.524254319998465,0.942761312905944,0.398797720537657,0.695451472114798,0.577614007381862,0.70150997957653,0.751170899484382,0.534304887362173,0.712007067343957,0.48096544336225,0.965994983728757,0.885809913194684,1.04997120742686,0.880209176171732,0.612921693006733,0.77719833016784,0.271391927465661,0.766497209597813,0.594802649358737,0.881787998431208,0.822749412783268,0.923283354462718,0.975947362364858,0.828698972055721,0.43356041027279,0.239237630017426,0.662362331378238,0.791593837029986,0.712889972171017,0.959061753381659,0.859085065346608,0.924043444986611,1.19527777775599,0.431357607521944,0.803690838619205,0.709693079265588,0.73455616195779,1.29634514353417,0.674332625959825,0.949786933028499,0.860061074738661,1.10447908516774,0.806313527223727,0.619517967451334,0.392184482698349,0.587792508943053,0.806641205857437,0.939367413762098,0.860550461419424,1.50445309333965,1.73596249730401,0.76091030721283,0.635110584166201,0.795926041402584,0.418247264310325,1.19157378003648,0.68618661982189,0.804567050471699,0.255528797674385,0.886948090500422,0.946944489139229,0.718381887885699,0.790248913761033,0.278599174247363,0.634907078244233,0.65347551733902,0.613691042304147,0.623381626534455,0.550330139057428,0.447266215895827,0.48680270532328,1.04950131935066,0.883774425891287,0.890875023224195,0.500591044050755,0.697946524891238,0.737021392319908,0.51620785663304,0.549931538254562,0.512274326334678,0.772040570521519,0.599748437338777,1.2158996389634,0.28879054067686,1.35144752984064,0.892980605773762,0.291560247727427,0.687669352945728,0.655332975894905,0.62498871921274,0.612239173280514,0.62497235168437,0.580862713656425,0.704297229462357,0.257635989720795,0.718109906180735,0.885401228900006,1.04638898803568,0.65621043672121,0.724272848897587,0.793801360448516,0.330764354171092,1.50210327319958,0.649367302834441,0.651111201206187,0.783314062379871,1.01315500168435,0.445417466835699,0.676249304371547,1.06420488216412,1.03299515568835,0.588748249228964,0.789301775731695,0.721189275876687,0.897325306833667,0.88459893585411,0.755831247077796,0.579138239455768,0.639667840500568,0.622612129004756,0.358610914387842,0.579117306453116,0.489963073124707,0.842291211839934,0.867590122437577,0.999492855655118,0.849600328889344,0.907758839860809,0.832410095552903,0.705158450164306,0.686864648032384,0.702898159725714,0.588085917529698,0.461599268696437,0.8805200906957,1.02107961477913,0.384201567196565,1.31419001697321,0.711054919094186,0.5803140233643,0.782727091154744,0.692224577729135,0.797596566917539,0.7949199457418,0.794262149141816,0.931438784928026,0.931206088089569,0.806461928656714,0.818473645971506,0.863482406681664,0.172160063181063,0.850837103499304,0.642454264664891,0.791748277018344,0.387316932153865,0.814600145570104,0.92862597786088,0.56666661723466,0.600589598747336,0.583916496041927,0.987393161148543,1.02631882914283,0.775417518283801,1.42487313667865,0.983043914765197,0.42810137085259,0.924837224456655,0.212921988562324,0.946286271842113,0.808276666035221,0.595403136021183,1.13827022652378,0.377131558109606,0.579218986620967,0.673545023259668,0.792342739532451,0.56916572458507,0.89232752955756,1.181044583456,0.934221173953136,0.705301460880019,0.818725099755327,1.19731691425123,0.814894063091554,0.812267937906304,0.428002553364296,1.09793152603836,0.701701183079975,0.508429516744771,1.04945548833387,0.967665939647961,0.89657307885584,0.603331418291618,0.958026939853424,0.811029469933301,0.754167028005726,0.479359156437358,0.563465012268391,0.738265029232947,0.812664135343354,0.712070550270782,0.289728200696839,1.01836516102592,0.759157043044404,0.742539628150216,1.15557469772469,0.800639031227321,0.467534364581197,0.767059248653439,0.40894501653262,0.758387423363661,0.731111755012088,0.62161086900284,0.703802867395761,0.907176486681856,0.901989847508932,1.1251421146988,0.414633101356437,0.864371591710298,0.258305583904175,1.33332059243964,0.881638415152855,0.832603699374405,0.734598880183259,0.555643584466035,0.84607921161336,0.767041820806282,0.82338556403369,0.761221185370431,0.891841210890256,0.333495521441117,0.954931002434966,0.958343833999769,0.38932482525515,0.683878351791042,0.815646161458767,0.844085366419891,0.513736564351133,0.460150811208093,0.773323727928502,0.635573263737034,0.714981298945514,0.856984368485558,0.768302537108006,0.672467108057358,0.404667765607761,0.893370228741475,1.22229353724076,0.807486209349767,0.594290060954156,0.89668032212196,0.665533606536946,0.616659367142166,0.812371982684838,0.514230395411832,1.20788073284794,0.585990178409417,0.707510805005162
0.911346373120997,0.688573068737423,0.696815282129377,0.691782041266888,0.739335929716125,1.35965696664658,0.861877846039613,0.664502677314545,1.0610286549261,1.06766788314422,2.14465696664657,1.04809552869867,0.756915913259297,1.12367998720432,0.820293723267428,1.7465923100837,1.12403645415206,0.868431670163735,0.936045276170812,0.613238259002406,0.589728925409935,0.496217842119211,0.665739944785337,1.0552889076694,0.330239727664424,0.962834646663361,0.479817960649231,1.13936023802023,0.824889614420503,0.991366228126098,0.865071904936335,0.983772876763572,1.12653833986678,1.07363459325177,0.717806055721089,0.532032558314087,0.901070950701575,1.14778196664657,1.58687925057889,1.58286366067371,0.543923087715884,0.424742555661649,1.65306125420881,0.856001131831455,0.430912476049498,0.748051802412964,1.00338283797323,1.64778196664657,0.690103613265946,0.248978018636093,0.790281966646571,0.960488782875238,0.703997917387648,1.00420932456956,1.94000651781657,0.433313489809158,1.04611934433804,0.196591895630651,0.720775567740719,0.54846316292541,1.36048878287523,1.24043825900241,1.06720029282229,0.574778476922867,0.781483749374463,0.938221457602923,2.1783328682106,0.840352433437372,1.51182864070622,1.2737801123254,2.29153586539003,1.24072290381338,0.464810287720889,0.404316117644553,1.05014945097789,1.5018023975307,0.6559878875468,0.763963821864504,1.01637531799734,0.345513582001682,1.3126958680153,1.35037198246779,0.6081274282551,0.679281223908399,1.25286755566165,0.340565162174161,0.869938633204306,2.16649233668524,0.528060451845999,1.56895293216523,0.967196213880015,0.478326082001682,0.672037389321482,0.579124811580705,0.603134131970184,1.10919037449369,1.03270565540269,1.64331618860466,1.27676123105101,1.18202177236795,1.35755540890835,0.595674142335911,0.480193646434974,0.881525270507125,0.884939920786533,0.451763860721631,1.02303808363251,0.91430203362683,0.501231007612491,0.538961758325316,0.85013162231802,1.17730546002323,0.715029185836647,1.84048878287524,1.681077946388,0.344828957329554,1.30425841177728,0.74198665907489,1.00842850772355,0.441529109450555,0.404679706454326,0.655179567701433,0.650940612226594,0.947076082001682,1.09335270165079,0.459728753928837,0.768435820575489,1.82020416033367,3.06729432303698,0.449697159632179,0.383265475838031,1.32814358725531,1.46974784712404,1.56048878287524,0.350825500409105,0.525321202670752,0.478326082001682,0.381272276747633,0.509674828606688,0.321924508766347,1.36114945969527,0.641426075497554,1.11845894231311,1.17557507107628,0.6284780058542,0.446035349395432,1.76636895321079,0.837984957439267,0.571924508766343,0.655179567701433,0.767458249963553,1.19889794449601,0.960488782875236,0.383212482942264,0.763183990405057,0.529705039122562,1.31195305547603,0.764236956876742,0.530333523530197,0.665677553046484,0.472492660831327,1.06163166378385,0.606874600583698,0.369302397530695,0.663544463805822,0.27485172704578,1.00246925930272,0.988123997251314,0.540826082001682,0.939064170007188,0.88299406887565,1.00297494752304,1.20609565915515,0.995556215728893,1.9046237472616,1.44006412371935,1.07715497515702,0.725808506295247,0.93743097526576,0.796016166190952,0.79922388903107,1.66162528769159,2.04782750721745,0.525535299673417,1.13163386133024,2.0081995381821,0.514458894501682,0.952918303641908,2.06304894842761,0.483434415346854,0.343955954310369,1.49705900168617,1.09595194316529,0.873533916986479,0.350825500409105,1.16028196664657,0.770907890599595,0.963488094663277,0.190639084722987,0.381476954387557,1.15723825900241,1.03339842384034,0.612727374030252,0.438046115987811,0.448291693515887,1.7045767777926,0.713165079374986,1.29261455724173,0.362749566909618,1.01738858200168,0.571272807058836,0.350278879300189,1.0946427961365,0.662003982409536,1.04854996058452,0.576049960584523,1.35680064096905,1.24221613381703,1.81203826167772,1.02645261008619,0.56969715963218,0.586575233213197,0.227970397548841,0.886141788749497,0.492920022414521,0.749307261745665,1.38405472258307,0.654292232102281,0.603911915834521,0.768114965357667,0.464760266866383,0.277975875464243,0.66071973390642,0.938308036844895,0.988528640706223,1.15811517059093,1.13732864070622,1.00048878287524,1.0179049972616,1.14546824164496,0.888123965350963,0.994942324313879,0.741857836705641,2.23966710232747,0.798143621054221,0.927667429504475,1.77637296675317,1.20721633876281,1.34276372013992,0.437552664969898,0.797438849473415,1.1817777270662,1.83796570149004,0.840168356212872,0.599228173082336,1.47763571523188,1.28366412033591,0.578902998232311,1.2161665335425,0.808845628621857,0.724284643048071,0.882779037720886,1.00269509695594,1.14682342903531,0.635656410220726,2.17541042497589,0.693274965331821,0.564690471615971,0.499729805084158,0.377546061704624,0.649270811003617,1.09854200691233,0.560291424787816,0.948013039787664,0.619972061531814,0.568558776238719,0.710641696380073,0.443392436517903,1.11028196664658,1.07003523823947,0.778305521165926,1.24545623044335,1.75213247628869,0.819228868210599,1.13163386133024,0.557223237187272,0.503025262596975,1.7631746757589,1.5460042405623,0.518341566560268,1.87070641543381,0.759281223908394,0.821663496877132,0.789204716240918,0.74736328152513,0.967418262789941,0.828027843865153,0.983060099314676,0.569302397530694,0.746486836855682,1.03835759040291,0.479405839299513,0.961696600880407,0.507493392872051,0.651263484873999,0.869302397530691,0.909264053513798,0.536150456343357,1.47928122390839,0.804391416588891,0.621468721738586,1.9710299972616,1.14118539196949,1.69367240043513,0.821198320372223,1.0293023975307,0.894508239832813,0.766406910656655,1.06429931386478,0.846592739450099,1.01396553419888,0.759281223908394,0.869129775293814,0.917238259002411,0.275018899002019,0.728744047719778,0.612082161910466,0.402934461445281,0.503994181794367,0.827757337471747,1.38243579049399,1.51640691065666,0.704525128522669,0.854352929735699,0.47243825900241,0.820910582886043,0.901238259002409,1.2171237472616,0.622786358279144,0.77047647787161,1.90525784209968,1.2125101403766,0.537566525973162,1.77317667597816,0.657694977713835,0.869508239832811,1.10085786847348,1.75005833861603,0.531779046618141,0.941462060789909,0.794383233226937,1.05212119637094,0.933931012106364,1.22801303978766,0.862292649131416,1.14408815046963,0.2765175532126,0.908912882283255,1.1687648273794,1.46443825900241,0.441758961048401,1.1920927451677,0.67165284418906,0.738258162564002,1.14536366067371,0.424145429702351,1.0166782487421,0.986907052590416,0.881919109247656,2.21822442609089,0.707850444658734,0.703385236727628,0.813141329185844,0.63528072694263,0.673710892295306,0.789457948655493,1.24196260077032,1.16912732128665,1.07536728323375,0.548730343901566,0.854958648239413,0.958272182806751,0.885775882699087,1.14555410646811,1.36741156005134,1.29438323322693,0.733136146077806,0.525790817565442,0.5565230095825,0.643344913766857,0.680457807478474,0.954800536480861,1.10638769139701,0.631564064882495,0.756166533542501,1.30184783017226,1.16493884947341,1.961346373121,1.25467970645433,1.16965696664657,0.825892019508726,0.768414489832814,0.446612013098421,1.02426686069183,1.69048878287523,1.06179950930303,1.68989168209865,0.366771737271336,0.907282986446477,0.300884953441209,1.13064240012538,1.8684759665934,0.690624104047172,0.38012696630157,0.289174899893605,0.472048269110971,0.832702966715195,0.469238259002411,0.407599660930077,0.620471042822681,1.58465696664657,0.819643159768698,1.68283288010127,0.553934569246901,0.728365627060548,0.469238259002409,1.46175799085705,1.03660304925032,0.94564285256835,0.368965559345759,0.340673405682729,1.16050965215787,0.989584917631155,1.1429049972616,1.07027903772089,1.07465696664657,0.470105595986559,1.08350028769159,0.754190570020987,1.13029326183973,0.267788563544583,0.580673405682724,0.821466488889298,0.931587995768441,0.391661940315598,0.848928942988743,0.61382767767138,1.29261455724173,1.39778196664657,0.981233237010889,0.539345944635138,0.721307502802352,0.855705006533442,2.17382362916859,0.662028496462722,1.42183332875883,1.29130379314084,0.920995012656922,1.29261455724173,0.712791396446616,0.848446063716679,1.45261455724173,0.612236545615767,1.3402006756976
1.82140682819903,0.53442235071864,1.10897260872013,1.01046847107088,1.18290277216114,1.20132205496105,1.11225557915951,1.00481880092198,0.65046570149004,0.950923248615979,1.20106208726217,0.948730599914515,1.44779578568998,1.06082618719246,1.14409577202521,2.04568305250999,1.07725105105323,1.34237305508704,1.06481222043426,1.07623219928038,1.1562734486808,0.888387611624471,0.552847047164389,0.970450909264447,0.446606968895005,1.6776075346544,0.812659731819382,1.18019988767561,1.10766105828012,1.08592735391088,0.838626943165286,0.759281223908394,1.28527117064983,0.996010002802207,1.53220287073122,0.86912401136488,1.15307190569012,1.0655527773828,1.56156450187098,0.617467333417601,1.21023118518832,1.73764945097789,1.52899171852977,1.10021673088576,1.34819202835948,0.990392335019504,1.3074665181441,0.870586013613388,1.14763264719811,1.71048546455913,1.32230820768686,0.876268621054221,1.29302472135862,0.915547536624768,1.21119709657575,0.581778907007848,0.673079716959572,1.23575818524163,1.04088094780645,0.829792431483232,1.361346373121,1.83350028769159,1.27490677978438,1.93486237105422,1.2708141007458,1.14984492092147,1.51214258486109,0.577631400452574,1.23321769423142,1.14167313878912,1.07253907191596,1.68523825900241,1.04512959329425,1.21917048437154,1.35108627687181,0.544383233226937,1.32436617408141,0.96839502854323,1.12493884947341,1.59275784209968,2.16067178018215,1.03576486324034,1.06243788814432,1.66965696664657,1.36093228523399,1.40028530263681,1.4550285460829,2.11161145048293,1.23015050351579,1.12583929177202,1.62407331348783,0.561328640706224,0.977919144483674,0.487835668078163,0.676377232440508,1.11211514450168,1.12693993446295,0.592757842099676,1.58739385355571,1.30672128879598,1.08688907560435,1.29625596120313,1.10180239753069,0.829186645025279,1.1456396176845,0.569419705566561,1.19502329040719,1.02245748423211,1.16905915536619,1.07604996058452,0.9083946558962,0.913076060586894,1.06705210647943,1.78930239753069,1.23464775967783,1.98320889450168,1.57878210154507,0.628182535108032,1.39675741477154,1.35290105206616,0.873258239832814,1.47412528769159,1.08573132219144,1.0016066958738,1.78631940048126,1.89228539342817,0.95759403606149,1.23699410116207,1.16847392400674,0.918991637376993,0.970883798458688,0.74442460092027,1.31743428193067,1.14707379518079,1.96579081756544,0.901633210402175,0.540155951083903,0.637546074193345,0.909485050485611,1.40431680731203,0.578063671333499,0.731979826219332,1.45856114238986,1.32778771759629,0.732919512721113,0.993890148831996,0.7483737472616,1.03116730189597,0.903602214754529,0.809656254623098,0.935237219763022,1.32876781034121,1.42615125000542,1.68341321339578,0.612001572152994,1.13712302250168,0.898340843655017,1.34819202835948,1.12257227247118,0.967252979821015,1.54750495078574,1.19968360905767,1.22314145626638,1.90466456525151,1.10881681438646,1.6585299972616,0.729143214634437,2.09414279343783,0.807344126166224,0.794900485607794,1.05592812914395,1.22062154209309,1.04612393247985,0.617061579996457,0.749646679035537,1.42361205762429,2.13712302250168,0.586096805895875,1.28887702138609,1.01522423279804,1.0887574665977,1.26965299751946,0.780956868210601,0.670997627788432,1.64333043289025,0.830695704387552,0.790928640706222,0.74305243416432,1.08956985679221,1.10226995926878,2.32230820768687,1.11060178072564,1.03518654142546,0.945947890575059,0.444753114184614,1.59803956371788,0.963977505522808,0.997645298686538,0.481618185565638,1.17188329391786,0.723725668352839,0.798215032777307,1.55060356861769,1.14831927569547,0.889609786105455,1.34262176768407,0.67926473571786,1.20195889450168,0.457072706998723,1.17723084032132,0.69077245703302,0.915497368556857,1.3316669783637,0.700688728603434,1.22493884947342,1.97814582862506,1.18475437041755,1.39536366067371,1.10189639916155,1.64033393127334,1.48137870502113,1.23228620947738,1.61598602359579,0.885523663406791,0.555948147503069,1.1912173519882,1.27428109855294,2.42257219364874,1.29082608200168,0.902855451662489,1.1434687002935,1.18487040432169,0.876609443019946,0.958810064407606,1.17763053994625,0.995791050239263,1.20732328988609,1.47149014450168,1.01048878287524,1.0965668796695,1.11268881188522,0.905914489832811,0.815454919776216,1.40808324996355,0.901036579465168,1.20900883763878,1.40351541846613,1.21917048437154,1.03677599577162,1.05584346258297,1.69767543623726,1.42444570438755,1.29514467252087,0.913718518274625,1.07928122390839,1.57756733974928,0.858200040434517,1.00743181113848,1.75455813749568,1.56111041202782,1.59968851124262,1.09609715963218,0.901802397530694,1.00299689338816,1.29070051085119,1.11389768434976,1.06637019513597,0.597330864843779,0.74932878279819,0.753969112324642,0.681806625321989,1.65566737185123,1.39115035453992,1.61929715963218,1.27642035624058,1.86101534872898,0.630540375289857,1.03403629946632,1.41436609433013,1.39697211522265,1.05352872581885,1.19899686717001,1.84751934882831,0.678453581223341,1.39580194460949,0.522695096955933,1.30760054878202,1.96541376603117,1.40992608067685,0.78618049169461,1.56236176593094,1.30213663231317,1.04854460578169,0.708910976333922,0.769785211003912,1.11438960576596,1.54854996058452,0.933966888502004,0.934862371054221,0.957837015918092,0.269538479860292,0.558195665309637,0.979344913753355,1.42042833502629,1.01396553419887,1.08969715963218,0.731489117072953,0.490855539255025,2.15521662725119,0.682437626223214,1.40748513963973,0.846127154455407,1.03719583905959,1.03927948945603,1.01083589563647,1.27766661810398,1.12612682979655,0.623495095882748,0.877655544851339,0.941797218536004,1.24416068839792,0.98859117543301,0.8735226967394,0.766450154495248,1.4457261448635,0.841066710667146,1.15817414233591,1.10345254320898,1.00626099811168,1.36054139008989,0.882918916345235,1.77684820383778,1.29493965023075,1.17103273209121,1.23565670574818,0.962139923779287,1.4893023975307,1.25985518790142,0.929680885932675,1.5521019771113,1.21917048437154,0.900085817138403,1.69314173307496,1.16071787690174,0.596598043572082,1.20151381067511,1.07022054790785,1.50041475137327,1.39946870151403,1.14137247890189,1.45901449060695,1.08350028769159,0.984442964810497,1.59433409617114,1.25303881825829,1.081346373121,0.372462934018917,0.947742675447101,0.956458237982972,0.89840335146284,1.24533051941306,0.992461797256495,0.849191801996813,1.38493339087359,1.71182839199585,1.70591448983281,1.01624462684015,0.797201140787256,1.42070889450168,1.44912415089877,1.27608434205719,0.867952094851506,0.898319275695469,2.28835759040292,0.898967743226236,1.09943722867882,1.45858443732092,0.814958418597417,1.29491385355159,1.22326503604615,1.04828079203432,0.911358350597132,0.78089998669636,1.05149844923931,0.640488782875236,1.29967981991316,1.14415194988275,1.05662963813144,1.84269234141706,1.16453634047724,1.02825818066165,1.16675873253518,1.07265957904106,1.08349766359964,0.952869066024433,1.01192452518301,2.05947930826266,0.71435314656639,0.947871744875054,1.24771895323307,1.02915639828667,0.881180274092057,0.631382728457949,1.27192681673044,0.879618173879013,1.01095839007684,1.51736689474309,1.88038820745427,1.54187300011152,0.660622262132845,1.20886813707482,1.19220316409555,1.1203513794631,0.641740474990856,0.978373318498857,0.69098789892592,0.929302397530696,0.756150321075074,0.977328925113103,0.621043680815229,1.58594789057506,0.781589042943345,1.42320758129177,0.645780314265332,1.1882667349285,0.384938849473414,1.89005671987694,1.38250726695113,1.16635628359171,0.621297159632182,1.00297494752304,1.31327636458734,1.39202167296459,0.985794665758698,0.829889004378665,1.11067619802587,1.05778353731219,0.8147798617539,0.733619344338046,1.10963371789842,1.29901319682089,1.33188685914921,1.32670782109994,0.526218845932654,0.614541164541171,1.37221640031134,0.851488214915973,0.771863820225383,1.7465923100837,1.29907114676079,1.1425350008736,1.08463706421551,1.271346373121,1.38849391352398,0.940772644055726,1.00179975556125,1.17801303978766,1.25271656656027,0.724125287691588,1.0509435735844,1.49292002241452,1.44752599418776,1.513548143307,0.935140548144614
0.487295109252437,0.448388636073223,1.1886324999746,0.923143621054221,1.3918023975307,0.741148016555197,1.1589171420135,1.052549957682,0.879008005374275,0.616446548262134,1.511346373121,1.14988770786838,0.517107453663484,0.819906531706612,1.182855549662,1.55594162401311,0.502523297890411,1.03092334318598,0.998365552364848,1.69267857805724,0.726177322395185,0.8415172719131,1.30787122860054,0.893639552890633,0.452115338313758,0.684544235573809,0.562337426093013,1.18935374272067,0.802435976439746,0.915801006295377,1.11622315972843,0.735639865039944,2.39905997188115,0.790965310254745,1.07775733747175,0.939774936284605,0.992362287612088,1.16787481736889,0.687940280988542,4.1233924365179,1.05472493576922,0.742890747841303,0.810549962177173,1.17008733408846,1.39202167296459,0.811060661626031,1.25486384313888,1.10189639916154,1.75126862105422,0.403528942925159,1.29048878287524,0.883753849432164,1.21530012989808,1.16118951609112,1.67212879950499,0.9139308194262,0.333670287507503,0.49236937044697,1.02601191139057,0.499974121436261,1.49822442609089,1.33061146949353,1.03745103584547,1.08476919626718,1.40497465105188,0.870728325607635,0.769132434256024,1.28114130001406,0.756862935246294,1.6029775502211,0.468896635310823,0.7483737472616,1.30233243355027,0.892388582001682,1.82935690128942,0.406621628911883,0.786056886278027,0.469794574450665,1.29931061134538,0.658013582001682,0.670650728922132,1.39945485280982,0.275729667943345,0.428164510118635,0.505093725445878,0.366990965768455,1.46547732518888,1.04314603272298,0.990392335019502,0.741109050074447,0.943865540621243,1.40994650061152,1.80806716670076,0.45599741614166,1.08671066336402,1.29229868127484,1.09592870976575,0.519319040429556,1.57082420559168,1.42432464430197,0.994185413672317,1.01330552603543,0.704470438632212,0.818160965306313,0.67405739141825,0.645690670774154,0.933218059019303,0.712396348679557,0.501231007612491,0.753664688723709,0.771884109773381,0.609776332637785,0.909200318305112,0.649541406757858,1.35082151493543,0.381196842620432,0.493531979444217,1.35583119163049,0.555033326143837,0.452089012169667,0.868616792014001,0.708404604764981,1.09775786743442,1.1407167105183,0.585611367827066,0.368370623462792,1.19075644656971,0.541235708684125,0.252171560165545,0.997779445226534,0.375162090944671,1.04807944668918,0.690626943165286,0.338013039787659,0.380619750971799,0.94182670066556,1.20584156656027,0.756197028101959,1.43428291138412,0.518658929051,1.27017363338753,1.18274017296094,0.816610436166444,1.07156933164684,0.609460093225405,0.705024257069583,0.594656966646579,1.39054846288634,0.884576082001682,1.10923825900241,0.647745744140289,1.17166800636038,1.08443527367406,0.69942234363572,0.90927578434449,0.362078761675548,1.37871696781556,1.01329359863816,1.46227850294334,0.651362904464405,0.501598824397729,1.07289939017601,0.213500112190488,1.00096745402695,0.858214059266061,0.302568420883473,0.817850918027455,0.622758775165584,0.572233391881806,0.984916833934585,1.15334785283282,1.01411669794542,1.11724987943182,0.514723482165329,0.151063312537524,0.951405640626696,0.811870405915046,0.644656966646572,1.65697988286234,1.10061354554745,0.843197731739244,0.523392436517902,0.736913353102143,0.790071960619294,0.441598140898247,1.09326113170514,0.388869045364714,0.487679977682772,1.40916002704316,0.812614557241728,0.656871575172693,0.349733309216294,1.09950981113705,0.7835299972616,0.252750842443878,1.80526752519964,1.04249510303547,0.926692660854433,0.602548456795225,0.354507012188148,1.03837571023739,1.68120077948526,0.866897912877955,0.588275854243305,0.376885948357521,0.67245069016201,0.743998691995995,0.632847673701359,0.404250932760004,1.27573704466357,0.801502535089424,0.937882669544914,1.42897776582341,0.850094131800662,1.34051508758844,0.577115338313758,1.31332235271883,1.84543818337565,0.635758239832814,0.920225683070462,0.497091344874298,1.24550027222178,0.369902462419297,1.54652118710993,0.777850918027452,1.128124295516,0.569507930441701,0.527381258365422,0.899308732534975,1.27760814871705,0.718535886365527,0.34842099811168,0.861000762715424,1.05822507869082,2.09261455724173,1.10925816274729,0.960475561259278,0.810488782875239,0.446583217969136,1.03976589274668,0.980466102076032,1.55965696664657,0.82699863439279,0.689433211143665,0.687233528695263,1.14320470497242,1.7656591688215,1.0074839348745,0.73121541283629,0.715443106760792,0.887967939224299,0.853458547725657,0.892614557241726,1.74061410263678,1.57940504968058,0.548386962919685,0.896173231093895,0.661925986609548,0.374171336277747,0.653357782412453,0.44267923577111,1.29714813958674,0.935951920113691,0.87136389056256,0.168168291505963,0.446035349395429,0.573533468626392,1.19763988129511,1.56824015679784,0.546356422618846,0.837875559410169,0.653403069307658,0.81469787041033,1.48096598053145,1.43214308498966,0.251448102520942,0.289273401386465,0.942678578057238,1.10115663541747,1.10978881802746,0.515385482744887,1.00998353215825,1.48162732128665,0.803663934970975,0.340963494674055,0.851267121500461,0.986459179098962,2.46681611764455,0.84958213522612,0.156897796988071,0.943934861680977,1.15350185132274,0.332754224969925,0.994270640720351,1.1703309757092,0.875461037771822,0.849981590563905,0.931383991924359,0.923481887850163,0.928685162699366,0.122847128283949,0.721612796951186,1.12521526805831,0.399715005899018,0.50068471904226,0.680660897936261,0.708728768205349,0.261260841452956,2.01143508924515,0.974765780359987,0.849664072590862,0.505714518282551,1.15197201882624,0.273565203741745,0.419362358783418,0.785416990447059,0.876590428814218,0.573760766400553,0.565790817565441,1.24339591410553,1.16872743896078,1.32021980959334,1.35837386475535,0.257496300266704,0.400018975313028,1.09824927947408,0.902306157928364,1.29293528772089,0.536096747702226,2.14946870151403,1.41822442609089,0.455518433183233,1.46123825900241,1.04209723936341,0.967742156445491,0.706562007473653,0.761495623996222,1.09285269789533,0.854763383793334,0.764458894501682,0.768848943109779,1.44390719607668,0.278006100498453,1.18929977752765,0.854850864369256,1.20097148549729,1.12543588130293,0.969226452527374,1.38243579049399,1.17497179329495,0.524825465088192,0.77890709892596,0.406018772217777,0.467542446163672,1.25909223203502,1.07784842786924,0.190505573931756,1.4966691210264,0.77184110449491,1.30146163795731,0.353278721572757,1.45272080806025,0.933777894945247,1.41793528772088,0.851275857076059,0.595580099391023,1.38245842655994,1.55036253064655,0.947604667943345,0.98333646984632,1.53345754770431,0.496223940389022,0.954383720255229,0.163945459376364,1.10036260316276,1.70584156656027,1.99405722606026,1.48585043909044,0.429503102763148,0.35724910489929,1.06989840188383,1.17400294353848,0.984369030016784,1.19526398339671,0.525565443538483,1.19461758001925,0.861297191436861,0.526856798025934,0.522493652404507,1.3283506863375,0.670708894501682,0.724433737081016,1.91586209160084,0.649625687834745,0.648258865607134,1.34696709728969,1.79016470171881,1.4470532727597,0.551074447552193,0.525201082001682,1.35291867664126,1.44111006701089,0.62700145040074,1.41563499311047,0.788220803530854,1.05967842751956,0.83232583548817,0.461748760978368,0.56740638775257,0.521883293917863,1.42030803685455,1.01596078202107,1.1063284801975,0.558908311134496,1.27378438610009,0.622991285068536,0.752506517816571,0.565918007477762,0.737328640706219,0.790958200209171,0.889398555406045,1.45195889450168,1.03207248522884,0.796194723931005,0.45782442456081,0.258372050012719,0.729053972582864,0.944681886507326,0.62945267767138,0.258212578099595,0.448291693515887,1.47857045961074,1.49467970645433,1.35795176248335,0.684938849473411,1.62330233970247,0.582099697182194,1.45261455724173,1.73320889450168,0.356321144176823,0.613734446824962,0.695809757113609,1.33221185313202,0.578516947185856,0.490442745322968,0.972976705227895,0.529697067342694,0.715728753928831,1.20462678284756,1.63721908937181,0.875062795679393,1.29831679051932,0.728173198373282,1.01453884594379,0.895917056298044,1.10353670725862,1.00439355169747,1.66436609433012,2.27381186307023,1.07695889450168,0.788084264976237,0.886646823142498,0.947332759538082,1.05807070600465
0.60249079597467,1.29181596169908,0.824304201531649,1.72641670992557,2.20850028769159,1.1691494585815,1.3173709605304,1.03632961091557,0.680457807478477,1.17642211802588,2.43479312934122,1.92542581092625,0.713572678869123,1.32269509695593,0.717822333194735,1.13381335256057,0.730316202104929,1.00223645048293,0.974395849882112,1.19897632599699,1.16872743896078,1.60321160032758,1.37746514978239,0.263292934614477,1.31396061507703,1.48532130791901,1.29268924754011,0.271387443100128,1.38879108046967,1.20346378200357,1.27260793654069,1.45987167320011,1.48532539225089,0.986959628639121,1.55188384829482,1.1959878875468,0.443973367007048,0.82103941029566,0.51044803671633,0.867156392008222,1.30311225580036,0.914526589678029,0.478403124237291,0.391842592707413,1.01508885171848,1.29637819739741,0.155359727944624,1.04907878483023,1.91254479557848,0.890687084019198,1.42609117543301,1.3360498998936,1.68646266656778,0.586479235849897,0.726338389761457,1.3866691210264,0.555874761180855,1.55296971267562,0.842077091642555,0.662555808920137,1.26271662725119,1.34712447414514,1.58930239753069,1.9144954313708,0.775548878900499,1.86293580038841,1.23997890418208,0.850404757330254,1.06795286188737,1.46257910363703,0.887267911090097,0.296245297681705,0.204576735278591,1.42465696664657,1.12350117954073,1.09364278400316,0.654493651609633,1.20960382136988,0.682113034308128,1.46304858190961,1.56415018567859,1.05591310279685,0.873999793855025,1.0271661648323,1.07340175978703,0.938390953733835,0.636860165776844,1.211534349207,1.3443351878625,0.752857372317333,1.82293265793004,1.62886464383877,1.43504770086204,1.10336924178974,1.32274634321289,1.67040812568189,0.387362995197268,0.764198928387604,1.46580139570525,0.551868940944011,0.459811608903854,1.42446255082882,1.47805498911303,1.3211603182763,0.852748539031893,1.33902864070622,0.468767637673897,1.54459813276585,1.6766644229366,0.921422697480399,1.32003366712649,1.18482455835311,0.887965477311437,1.03237038785666,1.4120263539458,0.823421397931936,0.544563162873808,1.21211366416066,1.46334199504853,0.758363479156585,1.09872036787879,1.20488858200168,0.309006363036367,1.18436900750623,0.638554192587077,0.817692029824314,0.658841372491422,1.21942037436917,0.477134868981015,1.46857202410514,1.11334617297269,1.0442928176789,0.621584066537373,0.982414841993293,1.01218314144316,1.35859885696983,1.31938128512322,1.28054832347739,1.21407961552354,0.717420242170761,0.394171365002626,1.23394494897318,1.04169090667538,0.565237146630361,1.0431573090344,1.40651501907355,1.18304301187759,0.67207513851887,0.89685092639653,1.43516563348214,1.29297809876557,1.54705700878665,1.01048878287524,0.884755041418772,0.392683915945119,1.42928481055757,0.418999389221238,1.44752599418776,0.711340609337154,1.09778196664657,0.886517725599295,0.421050008377159,0.530193673863691,1.28049434433805,0.843986219733674,0.517553424440874,1.00316345848102,0.707870054534118,0.775812338461887,0.609730355509346,1.09589238948599,1.08662194711988,1.07494718679889,1.29923035858973,1.32706403716984,0.990289823445821,1.37453651994388,1.11168597783535,1.59951367261331,1.35203371646713,1.61457917590135,1.29809166932779,1.56311148707988,1.06900902300515,0.704751394795705,1.09186033923098,1.33969715963218,1.17815470582046,1.05473355149088,2.33992756554957,1.06511557067391,0.75309909690523,0.338362781404951,1.14801303978767,0.375028392420805,1.82965589481175,0.696836933143971,0.890599385823575,1.04230477986315,0.804446667160949,1.36048878287523,0.631096080101126,1.40644029165271,1.27486501573498,1.47961301154522,0.726702465383263,1.21553571203138,0.828983093606927,1.03145128268297,1.17541042497589,0.827834060420368,1.3903923350195,0.927622056286493,0.86553620406455,0.636855531516879,1.22740627977964,0.265996643489824,1.56047595191827,0.961346373120997,1.36714569263941,1.08761562008702,0.538288545756043,0.969006388646369,0.783258239832812,1.03323302504606,0.813131894491412,0.696438259002409,1.32829923920745,1.42443309529258,1.10764906403156,1.61031446583619,0.765440428227587,0.981847345172707,0.501114015099429,0.646323124677193,0.758284250894391,1.20534569547997,0.555343930849057,0.982021112808091,1.10638769139701,0.483145164932405,1.12434618897034,0.713291448749339,0.595530768177531,1.74028196664657,0.43800181537801,1.14200426037878,1.06934352240301,0.510559447995213,1.03399014450168,1.48039767768298,0.718746441059863,1.42609117543301,0.923560989081092,1.13163386133024,1.30179169460552,0.769566316949144,0.510053815326723,0.587976351741289,1.10726464726013,0.840059317837969,1.15928122390839,0.434235041140684,0.298745994203885,2.15581298384115,0.795508949219516,0.972201806170964,0.967522462746653,1.14044657624588,1.53927971124076,0.845022801405299,1.20745766767394,1.56309571381547,1.31558154974332,1.24061598672035,0.961446368982048,0.452762784852205,1.1921687492617,1.08069570438755,0.794809669823395,1.05921234903992,0.475066689688883,1.50985766965115,1.27604996058452,0.54219673095406,1.77802691942655,0.814299313864777,2.0983674254499,0.771662959909947,1.68177399015036,0.717803885816015,1.20768218122014,0.579825938317126,0.645010071966884,1.66743340159517,0.886148991555449,1.18985634975545,1.55264573412087,2.02938329391786,0.771961575514418,1.87024400882253,1.20108926371813,0.65920009663048,0.92234070371941,1.34320511545995,0.955024257069582,0.783069621408299,1.02548690388412,2.0794128854164,0.595428009020929,1.18244160168697,0.661343468838228,0.26912453166896,1.71131678417765,0.942082393215148,0.859389956348768,1.46245835782119,1.31414293117337,0.84421919310519,0.300967690522854,1.43291830364191,1.77306748550129,1.38638073922981,0.900104923010499,0.582843006219575,0.836471355108441,1.26186208726217,1.14353466088159,1.33471525774363,1.25178700057035,0.703076499383505,0.729356691087334,1.89048878287524,1.64099109021137,0.976509207590625,1.67448036514756,1.26994252948393,1.47805498911303,1.03688255591679,1.82658438139267,1.64171909919936,1.49611826749469,0.784471226967393,1.13288190427549,1.04843825900241,1.27016877965265,0.592225225234087,0.567509519346537,1.29611934433805,0.580550083458237,0.572408100516369,0.680457807478478,0.795299209470276,0.697740690577931,0.57896378306394,1.15928122390839,0.676821249275255,0.527203566531306,1.3484109951667,0.578295913792839,1.36755770424978,0.973842691716758,1.04837862898171,1.31082415402736,1.31797205300876,1.28798563909487,0.589890027457453,0.303303387845259,1.22968197662384,1.53531121007371,1.19195889215324,1.11664775017815,1.02970154586341,0.524762850120657,0.843261984335479,1.66111076490665,1.58462774679992,1.68321127805428,2.4059442056253,1.08910516249234,0.690333593741078,1.21730189003815,1.06085618428261,0.804555188024673,1.22536814272391,1.43309789136358,1.10845757949076,0.696301732496381,0.522016012612071,0.685376343771293,1.07952878991766,1.09864169681872,1.19268043501077,1.06568644236658,1.0398271310377,0.731787401946361,0.84391314595847,1.17419171289064,0.64389722517563,1.87711764819419,1.23283320020917,0.591831723378199,1.06766839965449,0.910083100537062,1.04923505459197,0.57211497516061,1.02594789057506,1.06001681316664,0.86030192406071,1.04911145048293,0.624955543735682,1.14755230762183,0.975511024166498,1.47268201482338,0.7210299972616,1.32607731896535,1.37354976779951,0.92721181185908,1.01218849997975,1.2934157029236,0.766838259002409,1.14952403107051,1.45283149065745,1.32198929021419,1.26623279775142,1.46173195889252,0.904320728403806,1.11768570498365,1.49823413361279,1.04982385710088,1.29705700878665,0.961071794011821,0.545708894501682,0.787850918027455,0.887263389100432,0.87952164786283,1.10703807990016,1.01822442609089,1.98478771234439,1.26788139104373,1.28239821531084,1.12561292650393,0.962479075916373,1.17722251659669,1.50670492908049,0.718242708469566,0.583825049937988,0.925388910915897,1.45824963485343,1.45893737484314,1.13743456254588,1.91016996125853,1.93495796105323,0.647810445535711,0.765313313448496,1.13772130798369,1.28073379567922,1.44203621688077,1.40662979807212,0.802737482904939,1.23467173484671,1.47355534121641,1.67038874434834,0.98309284991178
1.2019378373165,0.88493982009456,1.11518747289329,0.586838926964464,1.22591530573553,1.08775842628677,1.23196818966989,1.51145924504614,1.13372213937039,1.32124686714959,1.25050033937181,1.0670773078158,1.64857649184632,1.59482844542074,1.11272550212873,1.44004536344257,1.36762459757301,0.864155836058882,1.17791833344925,1.09945867270515,0.943555436524579,0.925516236865219,1.17228233192422,0.852224938436485,1.23492469214979,1.82928357128665,1.1983466721933,1.28291622674349,0.965143184477698,0.991290678838405,0.76493273771982,1.55923941573508,0.763429937298906,1.01329715963218,0.932774964750058,1.02467044682197,1.10764853181726,1.37048245409454,1.44886038311016,1.38972348216533,1.00492626704594,1.11491081771344,1.62493884947341,1.11717718594561,0.996553099820667,1.52060746809243,1.10746978134674,1.39808104775089,1.06283320020917,0.57249521489485,0.614033586279098,1.7454950150785,0.835432535986396,1.1480018748806,1.2884418649003,0.811391260197461,1.3187208630726,1.70082694316529,0.679698792610576,1.84230649030853,0.959890641202242,0.831805516608509,1.38314023677924,1.19854447335265,1.1002816193113,1.55853399354184,1.92361837147924,1.35701719765519,0.863337861782403,1.71257837908965,1.30967164328373,0.951633353499361,1.26892778819044,1.0187474614732,1.08911765517165,1.05322042708456,1.17749274838935,1.3190350802813,1.51577274572116,1.1269418896718,1.53245579414642,0.871877666245577,0.785392954376645,1.1839113809187,1.68644352582253,0.56293139567111,1.44051694745233,1.90505569829386,1.27325823983281,1.98551866917389,1.66505877697576,1.30486950878665,0.950540825233795,1.18105575976064,0.90308582121434,1.04273488937336,1.40895281292121,1.85044704082724,0.833816274654909,1.08120329250442,1.30303864508379,0.969567098808691,0.678956784560499,1.3121258010308,1.10546492163366,1.19231674950847,0.880992494807036,1.78051369307145,1.47608627687182,0.804447136697977,1.17257192373949,1.83775932531769,1.01223559393479,0.785947890575059,1.49465696664657,0.608290104085664,1.6555335452276,0.976102175803485,1.36036792525072,2.19855815494065,1.11026696119003,1.61414279343783,0.871832666458724,0.828767189700965,1.68310183659889,1.81280771062953,1.29268852944561,0.901126586134436,2.09993802482716,1.16582864070622,0.688483569992792,1.12343054974861,1.12110839134173,0.84679149306273,2.1546237472616,0.775539228626181,0.76597161751463,0.998337868681457,0.830301801236278,1.25329715963218,1.85647866590433,1.47382864070622,1.825921398832,1.16817128707041,1.01383146104492,1.35493340159517,1.40516972518859,0.93805017898787,1.10421461694452,0.845099660930075,1.04612393247984,1.04551929263527,1.681346373121,1.09114045199317,1.05753688525529,1.17486392364728,1.51464893704308,1.42023549950757,0.784709259588094,0.873932077172969,1.08737559017574,1.28616807219784,1.39710195438755,1.04426057089397,1.04713301320403,0.711080606309425,0.933328640706222,0.647567566803583,1.13696723560284,1.34767516611087,1.31501523520128,0.984557008786649,0.901305055661649,1.46786084562803,1.35323986503995,1.31311782731446,1.5460042405623,1.35098319886727,1.10652773342203,1.20539674147274,0.629302397530696,0.333730309196148,1.09614935862512,0.883997552485964,1.42176192297618,0.984656966646574,0.911215363409415,1.14062352812845,1.67580158272708,1.06993553852232,2.28941464761768,1.14701881859543,1.33329236498537,0.775042945772262,1.44778196664657,1.02404424097629,1.0423525941213,1.32332303548204,0.452412862965686,1.48921968753619,0.655295803396045,1.18441442819418,1.22204018706841,0.941691548221554,0.985610977986951,0.915083279973106,1.18776186440701,1.06729432303698,1.0558187546145,1.33421543748301,1.05610992899715,1.20229529268736,1.50521445360047,1.26190677316842,1.06275931798084,1.5758368682106,1.39465194464828,1.19715711804656,1.7194787392561,1.4594182220721,1.65449365160963,1.15942472847729,0.481674035201539,1.071567795637,1.14790337990642,1.33821734123189,1.37139721801542,1.55680425874422,1.15738278238964,0.71855960413974,1.16449986687584,1.02780362241605,1.09839998161688,1.11080408231076,1.01985237990021,1.3078505154584,1.89732202538179,1.61214511547553,1.09388403843213,1.25421937901009,0.935072984002745,0.843507208698873,1.38763495023645,1.24737722454704,1.63744873666209,1.3864833075475,1.40361237105422,1.70668214168999,0.900140148831996,1.0771556238174,1.12762486687584,2.02520108200168,0.856390203021771,1.22747439616225,1.35514260306059,0.788718645765511,1.11356046462372,1.12071721943749,1.72554486058082,1.21173293857094,0.778758220591328,1.03494629134138,1.25595540092696,1.07799555391821,0.238586281872065,1.53067686617379,0.551802397530696,1.23787874287882,0.65381238994198,1.18236122254388,1.01498118147051,1.87357050736229,1.03738990646907,1.24076379970507,1.03208054902704,0.798835104536977,1.36499331583838,1.56128923405952,1.71681611764455,1.24862400078061,0.977957946078617,1.063852759855,1.33322535156653,0.757979199143636,1.94801303978766,1.4983737472616,1.22649371337477,0.988267950937343,0.667008239832812,0.355435287720886,0.879919725345261,1.59249754888005,2.50883933035156,1.30502306156386,0.839941848999213,1.31847016091067,0.82139907331322,1.01825302460014,0.658746803902661,1.03882360746584,0.972988957150727,1.21088035169181,1.38254108266116,0.976509207590625,1.02510459054003,1.04951312680667,0.819656966646572,1.13996486286778,1.70668214168999,1.1128012200456,0.847930153536969,1.36108156894803,1.5527361963203,0.632674116842769,1.29532805046745,1.43634300260447,1.19658661326895,1.12856936107466,1.33192852230872,1.10561651238799,1.24119899365582,0.725238259002409,0.914887348404334,1.80718007897964,1.64825908129276,1.02550975599596,0.756525477599196,1.2751988493486,1.52660739773479,1.08128795410928,0.6858737472616,2.38416151118218,0.701504159344415,1.29937784603962,1.08165046225182,1.06258123703092,1.40787679307209,1.28868848112702,0.977372564531469,0.932653727315383,1.90692048077465,1.1752646158404,0.477062457343597,0.572436486064503,1.13271117937295,1.03033062697289,1.47090199213844,1.65637837577388,0.7284189318534,1.22508550123033,1.69464915591013,0.9085299972616,1.7748141405996,2.36285954599279,0.868842409234833,1.01699035661783,1.12973780970522,0.807026939481818,0.954095585157801,1.28969715963218,0.887060704847652,1.04840690976529,1.40183575433601,0.97292949573077,1.55536728323375,1.62580875461648,1.54389821745152,1.49787874634829,1.21284558443232,0.757706441535162,1.24909960948662,1.05324640938033,1.03840499969098,0.353897983859818,1.37349509588275,0.942585958198562,1.06600310369611,1.35546691327994,0.570123004421801,0.949738592661535,0.916175364557976,0.864211819243877,0.945910743963743,1.27941286545313,1.58056348748898,1.14965696664657,1.43572204854389,1.63106504199299,1.23828142752021,0.798135453187238,0.818163084324944,0.977959934843519,1.15243461718093,1.1039236568902,0.974172677405466,1.20867876515568,2.10003360498415,1.4328706847135,1.3446021744224,0.910753119747788,0.670516778738885,1.00679360467561,1.17279558098075,0.929787715131978,0.846838259002408,1.12036706538355,1.0703505268462,0.559881691315498,2.08709500169295,1.00076673492851,0.95915199039215,1.12236237105422,1.25157401577102,1.34771445143632,0.953625339371815,1.03400674209905,0.734622586116992,1.39630308449548,0.860688403624213,0.85324124827425,1.64922517920775,0.863145673919215,0.943467005166464,1.15350309699381,1.33180465514233,0.204470438632207,1.03961266213732,1.45207460578517,0.85546208726217,1.93917417677034,2.07496343144359,1.31502650613385,1.54290848868737,1.18575828537246,0.986799172113586,1.2156247185365,1.06938676720753,1.21954345798508,1.28033210237056,1.19743667757914,0.997277967974638,1.67683859143654,1.47845731496358,1.57095809700602,1.59682694316529,0.895320145632805,1.48255623133959,1.35128565058069,1.10174387008505,0.724508504348322,0.776287996610688,1.32130373088218,1.13147695438755,1.90939427291861,0.917111966465598,1.07918664502528,1.22062154209309,1.32170876140258,0.990774380645173,1.20678206345947,0.830064878426438,0.745593633583897,1.05241901408294,0.947720353534654
0.995428599150512,0.720456355835013,1.04674176816172,0.370535619877454,0.637448226706592,0.889302397530695,1.92372566835284,0.9108403795876,0.723385065129223,1.82897319837328,1.61122978102742,1.00631039933766,1.06461953683647,1.09275784209968,1.61336371167573,0.507493392872051,0.970708060884602,1.34962703181509,0.917433401595172,0.759424508766343,0.971557593085998,1.21417977986314,1.04418948410406,0.946247238008431,0.649244834254155,1.55172338878092,0.66220045414047,1.2603763844963,1.61261455724173,1.27778196664657,0.80603849687713,2.09199368125205,0.72937456600419,1.15908901613588,0.829037130061471,0.628856621026401,0.960205326237757,0.577631400452574,1.58610814320109,1.14763264719811,1.32985604262831,1.50123100761249,1.63848809068214,1.29881209356346,2.32970672114904,0.94564285256835,1.25464845837595,0.955841566560272,2.2833924365179,1.44969715963218,1.91162528769159,1.84405979695452,1.0921237472616,0.928232680743422,1.09275784209968,1.58923825900241,1.60790361409218,0.401697013771043,1.09705900168617,0.519938042198904,1.40633780686235,0.661625287691588,1.64331618860466,2.19534577268758,1.3846986753882,1.24048878287524,1.84244829213023,0.708500287691588,1.33012486687584,1.71609062764474,1.44006412371935,0.810488782875236,1.28523825900241,1.79059905580011,1.5296237472616,1.51640691065666,0.956670697403234,1.09197529856403,1.46388778063245,1.2171237472616,1.32043825900241,1.72764398342766,1.48562086299706,1.29048878287523,1.40490981833289,0.938992502154839,1.20117360529159,2.35208609076143,0.75516666209216,2.19465696664657,1.34341895777827,0.714313936604197,1.58231590917124,0.365372801045082,1.0573536121619,1.55722323718727,1.63556622049538,0.353375360202294,1.30891917988979,1.4135599451524,1.19857483399116,0.731802397530694,1.18500823322693,1.02271924932346,0.95633920616187,0.337113645107634,1.11726329926056,2.21608325037262,0.786969358036823,0.998508751839167,1.29418215935791,1.73859117543301,1.28105995668382,0.98455566472312,1.40864217157955,2.18500823322693,1.3593452447239,1.0960299972616,1.90939427291861,0.450583212765158,0.437238259002411,0.484476606820518,0.997265167994482,0.988974874353532,1.46206284050496,1.65430763213748,1.46132030578256,1.83503235611239,1.65312584576563,1.5710312288072,0.680436881277024,0.728251248484586,1.08069570438755,1.12055352892027,0.436437866639782,1.1857881869813,0.986459179098961,0.491675167647615,1.24915209776134,0.661625287691588,1.1452029667152,0.961346373120998,1.27150895147298,1.24155265688387,1.12367998720432,1.07039233501951,0.760488782875236,1.04275895924829,0.664366094330126,1.25089975273679,1.01512570871811,1.23749910404717,2.25728293745039,0.865705883490905,0.574953237446353,1.5296237472616,1.45333485488563,0.759424508766343,0.974672693603692,1.27490677978438,1.25777903772089,1.07164366149324,1.26441848543458,1.65552961715463,1.49527262229329,0.640488782875234,0.766733106858644,1.64331618860466,0.778738563006025,0.609468208140918,1.20044798694072,1.14952403107051,1.06558154974332,1.19310385619434,2.09082672620539,1.40874608060776,1.61047607906286,0.869371586081173,1.6117128411387,0.852280209551456,0.684774257595432,1.20850028769159,1.18835333358215,0.849707363348397,1.58594789057506,0.979116634839667,0.895773502679146,0.698013039787669,1.07792722875567,1.75250651781657,0.895363660673715,1.24975534583122,1.11831198418501,0.708500287691588,0.664318895476745,1.3318023975307,1.28142581787146,1.18378037416057,0.641081568948031,1.03363437260845,0.9983737472616,1.3318023975307,1.43145108200168,1.256202829024,1.09413745496775,1.35634468500585,0.517663369644453,0.583500287691588,0.682503513043808,1.17070889450168,0.498456933959435,0.885083361923464,1.24236950878665,0.442902485212461,1.17723084032132,2.29429726157262,1.0406248236894,0.638228579092341,1.0918023975307,1.21028028680747,1.5818023975307,1.45539455343304,1.99459389542233,0.883590294518247,0.765595987886248,1.29866205258137,0.845513582001682,0.874085419373889,1.94123825900241,0.952970432523017,0.601509784488927,0.671485420223434,1.50123100761249,0.923796284295511,1.31642927113386,0.906393292053567,1.57455267547575,0.842937522901554,0.814299313864777,2.04438323322694,1.03484323929797,0.868604503983162,1.04068738425458,0.461463157361085,0.826019531175389,0.633120344950366,1.62881397189891,0.283392436517903,0.699439626820754,0.681346373120997,1.36895108200168,0.620919301086751,0.988974874353534,1.30328011662193,0.333500287691588,0.5296237472616,1.58054353022547,0.920034689784317,1.41350281547636,1.38475334305723,1.01542722875567,1.17193327000035,0.806455308292354,0.976798357458731,0.27844826576237,1.1167870696818,1.23357554029553,1.385633423383,2.59970228654412,0.75801263851887,0.454589529565288,1.06812234727788,1.42638769139701,1.71182839199585,1.61261455724173,1.618890148832,0.94474791405486,1.78464512014205,2.21132200500934,1.10780843571413,0.953904129010285,1.22808453556083,2.28398843196736,0.566312527289059,0.437552664969898,0.603666042904829,1.03837571023739,1.58245748423211,1.02610792712714,1.42609117543301,0.983220662387828,0.6546237472616,0.287961790353939,0.762359031582984,0.885791654064283,0.729723285068537,1.1097063000865,1.42638769139701,0.625947890575061,0.833258239832812,0.457059001686171,0.640151195636576,0.909233335808206,1.50130435428513,1.37260949644513,1.18801303978766,0.966234922617421,0.844339707131267,1.09388403843213,0.735404834244264,1.14348260451718,0.529479247954703,1.445208673579,1.08413917087779,1.12430374680529,1.65705900168617,1.63879312650676,0.507493392872051,1.33166310273965,0.900849654163253,0.766537130061469,1.59207709164255,1.48096598053144,0.342468249393742,1.82216101100471,0.693297967965856,1.96930239753069,0.641993095052588,0.521866304807963,1.33413917087779,2.23601336303403,2.14763264719811,0.890488782875236,1.58056348748898,1.11382767767138,1.61539346560414,1.51707142399692,1.81613536818069,0.80703185406861,1.95850028769159,0.484476606820518,0.956071183488419,1.75419057002098,0.339927565549566,0.851674899893605,1.13119872241204,0.685503670518543,0.686671485666733,1.3233924365179,0.986133225480489,1.39228517525797,0.443392436517904,1.42062467206471,0.659928566854066,1.13060287354891,1.07903713006147,0.289198603661012,1.15239727172207,0.804205902843368,1.64638228176094,1.3323284007725,0.836080606309424,1.18711876736894,0.744501658921963,1.63148186907803,1.7374419437309,1.01508744906941,1.71665386447568,1.85044704082724,1.87928122390839,1.07393508924514,1.08102828722433,0.999656966646572,1.07526885132655,1.32503460764654,1.61211514450168,1.77545563962361,1.2418023975307,0.632918303641911,1.63735182327384,0.903338757351983,1.04534223665925,0.45384920135074,1.1983008277433,2.15794599457562,0.892614557241727,1.33111042364951,0.632711179372949,2.03180239753069,1.10164678039891,1.01636895321079,1.34729715963218,0.4983737472616,1.33756407691584,0.871204573251573,1.4380071518988,1.77467855798543,0.490488782875237,0.784326893384071,1.53912415089877,1.02782495931277,0.855744213352359,0.342436698439894,0.928750772278081,1.33450415846916,0.976370965374868,1.42023549950757,2.0559384611701,1.62245748423211,1.11041296405196,1.19778196664657,1.24264436901064,1.55523516725228,0.611944534764709,1.00975020482054,0.377185608087064,0.833500287691588,1.7454950150785,1.20850028769159,0.95987167320011,1.23859117543301,1.18441175164857,0.741416583296884,0.404103084062709,1.65565966085468,0.2171237472616,1.42416005953872,1.04023866416066,1.51640691065666,0.701802397530695,0.544383233226937,1.3026699233951,1.00751219675098,0.905257842099676,1.12368386017953,0.780859327521097,0.737701366104708,1.62591496141189,0.885382111004113,0.268341566560272,1.29757945561634,0.976529037720889,1.56421437330143,1.00254479557848,0.758862638929696,1.26315254316611,1.10207578687878,1.20584156656027,0.904487046925806,1.071346373121,1.24031880148506,1.22597413298937,1.22496781805276,0.542724472628328,0.911177013724509,1.29438323322693,1.40633780686235,0.508743758309222,1.6433924365179,1.1018023975307,0.712786011004712,1.55876007148998,1.57065232628491,1.73857459985359
1.70173865040988,0.50742349082101,0.902793246655046,2.26550641386528,0.827041106799646,1.77147100967936,1.3309050332299,0.454593639961275,0.516765598761248,1.3327388113087,1.2159976000689,0.593378183824594,1.74292885172588,0.924487348404336,0.6257175294745,1.4617267746132,1.23235870170227,0.394482601275984,0.725720776574217,0.66270603807918,0.373061360090024,0.358240676428364,0.625843787907033,0.51436402272574,0.851902803586732,1.09962164040506,0.444335185325895,0.710053409068461,0.730323685325761,1.30677055419239,0.370635672915403,1.36762696418126,0.491636640688115,0.751785085977423,0.369211933026553,0.24760352799189,0.276032259423586,0.693477372957559,1.23873752585644,0.920749199193345,0.582160235696205,0.733009627203991,1.15080723131086,0.525934063040757,0.518423757690372,0.652596190586935,0.6726193963576,0.854673471743665,0.406079960847304,0.826544462339492,0.432882045994607,1.61759721233898,0.533192376564795,0.595345505624923,1.02733020046564,0.575466006979253,1.12849342641273,0.41467193949213,0.544981373170424,0.784194751930234,1.51856881950612,0.539036829183944,1.30894484929103,0.27879590592199,0.366795979628374,0.911884122288043,2.11501784249232,1.02457731896535,1.2339592595881,1.41051983745213,1.4924243085412,0.444793264864598,0.40080965573102,0.547856207830767,0.544665534633781,0.43595334059482,0.243318040576853,0.698608447879262,0.634915888062062,1.4311968682106,1.62374943701531,1.38813811371956,0.700608163832198,1.01430273658452,1.30742658687606,0.239869442844712,0.612082040261353,0.887634923986649,0.458707441003948,1.63264565500253,1.67385726628274,0.346390488433665,0.429771677213161,0.373427960489001,0.38386685844502,0.591967913592592,0.77310976496691,1.69809715963218,1.20076499459391,0.761226900709159,0.626025928439841,0.378266944119288,0.917800105382822,1.70534821023997,0.533961001008341,0.360387189548968,0.441963867264986,1.14064198866331,1.58751216642818,0.653748990299895,1.47416605061795,1.6134426243205,0.600476653872274,1.02695391864951,0.996522992984463,0.588129563181265,1.92288837616867,0.983554243838126,1.38026022709869,1.32523402949297,0.487701317923229,1.50846873049792,0.400095506564093,1.29822730011074,1.57808099789387,1.45399024399276,0.758824244789951,1.09108616531489,1.49586489786858,0.491389136102217,0.514209145216678,1.20077143033243,1.31780491189915,1.18036890327182,1.177176097369,0.868784971002774,1.2497068394114,0.449435452664918,0.22870331754317,1.0999288299751,0.824774947608974,0.496519711865445,1.5971274003742,0.491651907542331,0.623749539577503,1.18088681026578,1.10904410675345,0.639558421664692,0.974460126819353,1.17650959444941,0.615317928422739,1.50208815613896,1.04570985131204,0.772293336982762,0.369473809149614,0.791600515253678,0.900264725479685,1.41827218280675,0.494309233275323,0.873706764939858,0.988947772342724,0.430407904286688,1.20916944682089,0.82502332540582,0.484083023063575,0.329970885624044,0.329397677294572,0.760092855045403,0.606243465833619,0.37554768730648,0.696617526617985,1.25695360752182,1.67705953171562,0.51546504281852,0.430959131107333,0.874563833557112,1.40515182117524,0.675979483193224,0.453408942531783,0.362655274213052,1.46440614972826,0.796889097429847,1.29138387855522,0.285803319974026,1.71064168875913,0.771706504742585,0.639737298947427,0.511747996565867,1.5671328682106,0.67762801497802,1.43581157819411,1.4926011448635,0.458958586761952,0.718275244126316,0.914631676906461,1.70754142784752,0.47964295598799,1.4482312917586,0.209394556909308,0.720301767186248,0.82541894649058,0.879688506943432,0.770509077046526,0.426030026859417,0.828464365528126,1.09876260296679,0.416676632050982,1.52561342932306,0.628270883644481,0.605730449155203,0.410017707785622,0.232812969617299,0.672291885230495,0.442147927593239,0.475807739808664,0.746754717409827,0.450199498105567,0.874741665537005,1.14550597589933,1.33977125951182,1.37210260433918,0.391662821469621,0.426167312716984,0.591134087075967,0.726266587555311,0.827909293256345,0.653145544206678,0.865565326528245,0.769599148015639,0.644479862966603,0.465608013940792,0.41977076883765,0.903304837609105,0.633132516595053,0.438790599616076,0.987367349741259,1.53767796228685,1.34985048212006,2.16741371051685,0.572050008519158,0.47750216285359,0.519929540042071,0.418937646828765,1.48559552869867,0.433729895383621,0.771098042228024,1.72665560451598,1.05865927651432,1.84657136427307,0.570084111534268,0.472053932304305,1.18800033937181,0.641972998111679,0.539832171366701,0.959308368871484,0.934922711105086,1.70695638340352,0.281749366852868,1.70090687902651,0.902831839584856,0.262627168482126,0.735202170103061,0.406343110692822,0.47955420974917,2.25647695438755,1.55965696664657,1.19083801388404,1.10390291190292,0.374460281605413,0.427326777459599,0.426486342162408,1.64373544859066,0.678477088128572,0.51849914810712,0.506207019791703,0.809314388216923,0.774062421925946,1.50954012886493,0.708050910092166,1.20938793571346,0.460641122358432,0.590747545876837,0.75360603621796,0.320813031914259,1.19521100053477,0.478888063022476,0.629922658886317,0.537596671551905,0.821044121026399,1.99064658080947,1.03795044120526,1.08706002907946,0.666502005108018,0.432856406065454,0.359813744045624,0.421542835134275,0.453114755919251,0.775060782389801,0.631397565682643,0.420334988921789,2.13039636455813,1.24478409998093,0.442050962659061,1.66342958735857,0.512989838620504,0.636638594530251,1.60700510595259,0.695425327549089,2.00998122231514,0.337811996395601,0.53875754883243,1.61577996145942,0.625504071192326,2.38280627250032,1.83545890688387,1.9633559248515,1.87468526563325,0.844302027133239,1.28334232349667,0.667909165967208,0.764466151853527,1.29814689918131,0.491909396626795,1.68884949422771,1.76381905400866,0.285353748796233,0.477701130459199,0.868305138808782,0.587123996106231,0.719241112834267,1.64454782367653,1.16183250036085,0.317112786937091,1.35359109418013,0.643027974246608,0.39321487983559,0.739575206084669,0.610498769801528,0.325637451922165,0.30366287783161,1.07038836849905,1.39698093389728,0.699635116840757,0.388456106927337,0.38536567479771,0.780644834717565,0.489769389693767,1.90132864070622,0.443159118935631,0.441442128853579,1.42975302651432,1.52582864070622,1.47816006433883,1.33963998392502,0.488054206053053,0.918163312601924,0.351458377646669,0.478215435208678,0.509308691389461,1.09849570679314,0.379821640112864,1.24415467104889,1.01550672849816,0.447786198089182,0.8402304666092,0.903629923596603,1.00404576469782,0.723745321368457,1.89253585086467,1.19108774791255,0.626741980063813,0.778917336841037,0.931951720088487,0.26753544796606,1.95418569136665,0.71736852922867,0.49920549511571,1.20613044222089,2.27831543057778,0.797532658584682,0.416860525588319,0.627165964438208,0.614598600132981,0.677063362852812,1.63306208726217,1.21662694316529,0.798018431311059,1.63736196579101,1.68646130566165,0.439393723114312,1.46489602198897,0.498465820154468,1.00966684343125,1.22048227409714,0.265233757034329,1.05366235268674,0.502057804626502,1.26276974094324,1.11443846141426,0.647588203800258,0.586266608681918,0.636442482127163,0.265365140954864,0.438542385909026,0.752211514858791,0.563977345472796,0.925454130825863,0.713970712568437,2.10499091839132,0.882757295483083,0.530848446417931,1.30331215827596,0.862162520897213,0.247685158326173,0.725123083009693,0.27694289235147,0.450229876210878,1.09798356432755,0.843805668335183,1.12411049963777,1.07820306820637,0.500012254202313,0.937157875103281,0.291401980507,1.37270873850398,2.59028196664657,0.796172573434926,0.504701176642827,0.786301448901907,1.67372359384309,0.349855780245354,0.404367518086674,0.893514435901158,1.07608928683939,0.56191558457029,1.13774470281018,0.546903980207668,1.20883367270515,0.967921543227255,0.337970397548844,0.645046250204223,1.00901042762117,1.20408202072892,0.848724883691728,0.68990187536898,0.366228225577566,1.96530744906675,1.26342864070622,1.2332767751213,0.730327899831689,0.544423914209636,0.304712574932218,0.961202483296194,1.08907448591551,0.591897350213501,0.779524299550398,1.34651145895909,1.10326113680082,0.465642305618585,0.860316537445803,0.72439789856163,1.20270556171558,0.569089204958825,1.10559864505996
0.813208887197093,0.423385498417332,0.559417973466176,1.27521202885322,0.907379498563805,1.02245945747923,1.35061836055912,0.821882466473194,0.70459198432225,1.1764452794022,1.48183278178346,0.383952147238044,1.16929184111547,0.741506947048482,0.476097614517939,1.75085529649774,1.20358390688387,0.592083076418409,0.599290257321652,0.964659976734006,0.558368099120368,0.537689281974686,1.20583564138451,0.950985753082068,0.642155503321424,0.789380998111681,0.402380528292771,0.542377385961784,0.768544743522134,1.08674699693955,0.85837442558872,0.452212090816578,0.967893516100986,1.21202337067505,0.488825273909537,0.368174559292349,0.390363699486936,0.708849570198554,1.66974683247635,1.94657695999287,0.591310986432136,0.544481145965127,1.61075829714979,0.804626122238785,0.695017748938015,0.378859129810474,0.751529402093668,1.41888318066165,0.822794014472905,0.479670733867419,1.02683924519756,0.895775446499051,0.886465057050355,0.709741089002182,0.735783224223719,0.808348868210603,0.754521898944796,0.435252934536747,0.955039523847241,0.419667279847658,1.48462282426897,0.476969840973565,1.2262985840044,0.59664070862269,1.08959518033959,0.534272103670522,2.25331393551733,0.762674957006719,1.39841978490949,1.59525900824912,1.5470249480324,1.0563313794512,0.724290769260777,0.62707190190019,1.45742757255971,0.629594669668712,0.403779830869487,0.423005450550875,0.481811827809677,0.780892232545309,0.92972894391681,1.29084062944664,0.387927484699841,0.677029656946824,1.4222125620506,0.333553932479376,0.903205917438862,1.01450059454349,0.74570881994641,2.10765948590743,1.59816713298825,0.607761409625637,1.44877905262512,0.542020885788037,0.702000526663685,0.928278581392993,0.945100745125153,1.48598813992736,1.03857175341431,0.613050091178746,0.424054808218502,0.745455375289178,0.495621922834879,0.623954539209588,0.44100638811153,0.415911170242482,0.935490043061689,0.612092473226775,1.43121227755372,0.749147208450985,0.870004922865554,0.948302204586092,0.412655221585639,1.34304235061712,0.779547348505825,0.531816402916584,1.69742309524491,1.06676840976657,1.4678312748327,0.417739768091342,0.488704369492034,0.526307910207593,0.86234892252152,1.11194238457177,1.14793476916733,0.773915586514267,0.5914679213087,1.64275365968886,1.23529715963218,0.753368156132529,0.292433109015304,0.981951285068537,0.756010074352999,1.52305979037788,0.40624187275134,1.24629771982689,1.22217917988985,0.415277296439126,0.837736059126629,0.950496531853143,0.903478623876108,0.463426554888889,1.38477463153034,1.16645045330367,0.556102531216736,1.15056544353848,0.712489782590332,0.616971605818443,0.763420109868777,1.50365404231376,0.9940861803053,1.11653971318464,0.986797607580925,0.653435558146218,0.485933088654421,0.532019370647018,0.666617990125111,1.01926314429321,0.711641177407017,1.15006207090111,0.729580221687739,0.470656627858091,0.670176109403999,0.530966443063793,0.616803988142585,0.136437301349122,0.725443516462845,0.647714173035464,0.351368519967102,0.487961423523415,0.721798310634895,1.37756531473788,1.32059015078423,1.06754315719904,0.988770753668968,0.662686129308398,0.503343923655597,0.673636772507626,1.31746848260468,0.58192192817835,1.26615483519718,1.10654846509357,1.68587424148156,0.400010787338152,0.798263770156153,1.07871786638659,0.567897804407728,0.480321360280069,1.54997681457366,0.771333672705154,0.601849478875604,1.59221060240649,0.776758470695328,0.669958737733612,0.633639824193345,1.50706449396707,0.573676760799251,1.18378037416057,0.359148263191524,0.416997990918147,0.849903057367386,0.557658271981271,0.540634291223717,0.486254963575257,0.452203271197461,1.37231679893954,0.440420347783381,1.76368386017953,0.557352352778008,0.787513281443691,0.399217553985265,0.303854204596425,0.963697204357774,0.461004490360325,0.803206027452299,0.520121250979256,0.736146920990968,0.973608655636924,0.611413135693497,0.630940251018622,0.597455096743126,1.16074640802772,0.534924888765298,0.665879692428547,0.690976290281491,0.691630127760249,0.42614037875106,0.539644521209083,0.818491170992573,0.821832718875393,0.331957779904954,0.291589214880258,0.708315503508331,0.565127237806022,0.911219402095144,0.773673645161654,0.661794064537258,1.17858110298007,1.66004112259577,1.83352716803464,0.846428653467875,0.848652538958627,0.594401198811014,1.37402134591373,0.303822519905524,0.603017446253533,1.49308043711044,1.14219941546351,1.15336806188339,0.482758731297821,0.591835177274982,0.845291279121661,0.821544621253687,0.730294576500322,0.853664409440428,1.3855713648664,1.80372704645485,0.498765166634192,0.972698428618917,0.700715706651411,0.367220442032547,1.30712486627375,0.54539542028434,0.956431172394976,1.05175033333158,1.51928525344702,1.36581841462545,0.529271656647852,1.10079708481396,0.637878973029444,0.355201401970921,0.479851687947138,0.667860505745388,0.975033961916143,0.858727235849212,0.349384305814661,1.10099338131468,1.41582608200168,0.590821158991835,0.638028912383401,0.447700736293657,1.00072682427852,0.903941375927286,0.55807529159062,0.638446532077803,0.504857909544386,0.764609499637483,1.48007349264153,0.98348559717479,1.02953181753823,1.36016009787085,1.2498920182332,0.611035172290503,0.561805996818399,1.13204306626396,0.372665422916622,0.641348470751516,0.733280479485316,0.486321054936911,0.480360529319924,1.42269569292903,1.01876295072675,0.637252168671059,1.53273781634455,0.362731324512667,0.614540419622309,1.4584285908649,0.581554292549675,2.32945578397687,0.653687297275443,0.386431863262074,1.17444603197185,0.927396768804089,1.47211424045542,1.00752435726887,1.55342506042331,1.74266411416364,0.909254732165329,1.59243825900241,0.617971886715779,0.777676537358641,1.58831286982301,0.825810013114978,1.14067340568273,0.761982794604213,0.469897380395845,0.574802930966727,0.770312351969135,0.420647056898605,1.27933729517593,2.01636895321079,1.44465696664657,0.964903173463583,1.24882503186069,0.508277700723166,1.06815733702492,0.475997157908432,1.63039636455813,0.37867692632717,1.16831488642136,0.458911773066455,1.31001884102956,0.382301426427927,1.1835063645956,0.387419259629507,0.498982926602779,0.514382647179638,0.759624259994314,1.12270132754826,0.522432152792347,1.1185641405996,1.21192609638128,1.40451412753779,0.763856621026399,0.8360368501511,0.608327519864877,0.41328651139108,1.13077112163805,0.426193414605349,0.809487589967678,0.407581548052704,1.04459581691511,0.524360936591355,0.759203200421906,0.617262688685711,0.424910537481467,0.702126509551689,0.610311809579226,0.917362958018746,2.04700804357992,0.612593605294954,0.747207351703412,0.661319656748177,0.258677554399218,1.46787157247343,0.889380059539387,1.3164577538178,1.14579081531274,1.40248973162,0.440504212948926,0.361239209760883,0.532323538697956,0.613529414684357,0.622043915338687,1.38905150418364,0.903284838010656,0.576084894668252,1.38494136177485,1.36884533049718,0.871664711602101,1.14965696664657,0.715233430466435,1.1170034738095,0.88250919105835,0.505444662804329,0.599265459308708,0.94160770781258,0.890026414798329,0.983597083963371,1.24313322944027,0.737738518204028,0.948768533162681,0.475425815089321,0.815728995334807,0.833854057164882,0.500614801500144,0.575113061183728,0.459257432756937,1.06487810206544,0.707665915872518,0.737141368211852,1.69717482685344,0.82756071880486,0.377392036263841,0.578952324193345,0.433104022502515,0.811404429094782,1.34132030578256,0.629055390361938,1.33241380877743,0.748130154056651,0.962819192919704,1.46317519149571,0.423070415180672,0.676760378240797,1.72939718159123,1.70600009804787,0.464140783081008,1.51690840716059,1.01476469776069,0.293451450160992,0.939450535793035,0.829589766258872,1.27932112985189,0.692759919289058,1.37294080525801,0.52477901116798,1.44873406391917,1.1324503432749,0.705380556659639,0.47451811410993,0.634560870236942,0.782781782812027,0.863239659207825,0.373453925138138,0.312334963627549,1.31900050209645,1.34942384629266,1.01875194316529,1.01173785035585,0.520714207274082,0.683277649367986,0.605516588969276,1.56475828094214,0.647901877498343,1.25621091739397,0.895596523934028,1.07237928521072,0.707186437789579,0.921310101185958,0.707893323095672,1.38433693314397,0.526756313857006,1.37345754770431
1.1167870696818,0.782419900132043,1.01091448983281,1.87250823322694,1.39778196664657,1.32553967850475,0.481979826219332,1.10783320020917,0.420836305661649,1.21329715963218,0.901480689877202,0.455379524963023,1.53822193473811,1.01529037102553,1.53976660310842,0.913896820822319,1.56416031554587,0.910281966646572,0.559015885588769,1.39166761360568,0.797621058882706,0.647166667128894,0.742340067370135,0.606234134228223,1.23675464984513,1.47045635583502,0.805076720214538,1.35578267968719,1.20930817060626,0.746127049618655,0.866116486524439,0.498013039787667,1.12882944853076,1.8818023975307,1.83148734421725,0.68845736143379,0.842741200007636,1.11211514450168,1.34924986156836,1.61382767767138,0.671422737475891,1.03864443612118,1.21944566908513,0.770976500064023,1.35008598546464,1.250360092022,0.858849999407682,2.23764945097789,1.93549505180118,0.81779826889686,0.53546208726217,1.01508885171848,0.485533571286649,1.05454396316914,0.920438259002411,0.917930239442475,1.21261455724173,1.18669478838559,0.631346373120999,0.503025262596975,1.56556421923075,0.652614557241728,1.48042343331816,1.59355007415322,1.35758609797612,1.42615125000542,1.43293516875785,1.58056348748898,1.50187699813854,1.25566062616022,1.99419858728352,1.09010361326595,0.787949702547654,0.546113879308146,0.854271491722019,1.48683825900241,0.663856621026405,0.706791533542506,1.29114917992572,0.694656966646577,1.29758513326921,1.55225141577576,1.11026696119003,1.1817777270662,1.62160948577746,0.369439381237908,1.41791977009268,1.74271662725119,0.760442725596169,0.9085299972616,0.792560415787732,1.45850028769159,0.856216219838073,1.18028607390632,0.613972166888664,0.825653676837595,1.20009932833252,0.759424508766343,0.967409818332886,1.12289763669335,1.11304684587923,0.922097159632186,1.15700861574799,1.27303669859171,0.712450749617017,0.813790457056254,0.824254225714021,1.5379959603514,1.27188533703791,1.11011495338478,1.10186557248967,1.79714937495943,0.710798705045257,0.410488782875236,1.97048854330972,0.628186320465149,1.54465533834268,1.1511562092479,1.57985707915211,1.98930239753069,1.77637296675317,0.578227431208214,0.679385332882774,0.846490144501682,1.55333149422142,1.95195889450168,0.925288707024967,1.59111237105422,2.0608737472616,0.674445704387557,0.576637156983335,1.0425141280065,0.592757842099676,0.877988671676009,2.21132200500934,0.853148868210598,1.40556774230637,0.57170479202541,0.486633946518676,0.850416780320637,1.27784787617704,1.04809715963218,1.38987710170712,1.40725354968051,0.7210299972616,1.20277846894033,0.86334568616686,0.801253526349414,1.20570262753525,0.729715615094273,1.82399687210386,1.10654846509357,1.33705900168617,0.869475803081629,0.911971323808058,0.60981165792701,1.45898002362159,2.26636895321079,0.662481590563902,0.973716101092298,1.31847912385735,0.648277262845571,2.3666113111594,1.27645228327922,1.14203985860321,0.419791017650482,0.924918621763906,1.77801303978766,0.516368953210786,1.16795346791787,1.14197598944866,1.30014945097789,1.98320889450168,1.17049826875399,1.08113515348681,1.35837386475535,1.95330196263615,0.430912476049498,0.794875120754395,0.881460295372507,1.15928122390839,1.32243311612045,1.53029548234248,0.630356246904314,1.95008038004441,0.96155815193835,0.917238259002408,1.56556421923075,0.789302397530693,0.832000205389922,1.61985345659208,0.596706087742861,0.945419121026399,0.668998861638648,1.43083665645866,1.06965696664657,0.74927101662455,0.680457807478474,0.979116634839665,0.67353400903094,1.0571275218122,0.920589804612268,0.861156635417471,0.932517939310148,0.815122306175741,0.982048237112384,1.02506208726217,1.16048878287524,0.766482804303324,0.522371673200114,0.757979199143638,0.526471594385019,1.08243860584418,1.28615045634336,0.912091672172768,0.826657328494375,0.969410453035424,0.810772182806747,1.15241008764204,1.02674490423554,1.21321654871347,0.809759029623438,0.471570836600909,0.968260645924844,0.848731325517031,1.11060453614526,1.04660616291229,0.821156765704857,0.654153864475682,0.840289724652633,0.913062087262169,0.766363082273626,1.31396462050423,1.0236847466255,0.798367066724532,1.0444423917723,1.32052875392883,1.27150895147298,1.48947003475851,1.33562388091235,0.683611399662793,0.914928444821447,1.06177883504403,0.175860567302885,0.571990779838355,1.15899014450168,1.10766105828012,1.19743667757914,1.85739563418342,0.988591175433011,0.611138582001682,0.974125287691588,0.408990144501682,0.718217311129091,1.03105007415322,1.2891748998936,1.9347798617539,0.591156106956192,1.154046398832,0.925632011693345,0.870332540491234,1.40089500942342,1.23557348228533,0.942522637617538,1.67212879950499,2.01261455724173,1.8421237472616,0.510579812625137,0.485905281584493,0.686980998111682,0.65403197866908,1.32559818809879,0.629046998429148,1.78780377196554,0.8625817410295,1.00246925930272,0.949950637916524,1.0960299972616,1.12585539201725,1.51279619323442,0.348493913523983,1.28935301216557,1.98930239753069,0.816368182312678,1.64342077044144,0.655766449453784,1.04648492897108,0.945740629569351,1.31786423246218,1.62245748423211,1.16343592428512,1.18149535717511,2.42446255082882,1.3549845287678,1.26374631451676,0.89366539588068,0.708067962912518,1.21247875029049,0.7796237472616,0.990350526846196,0.351674899893605,1.11980870339914,1.29030660441513,1.41418233778453,0.672519942085254,0.568438259002411,1.33705900168617,0.865254070843965,1.21954345798507,0.754781548226491,0.332791003137186,0.604390375466922,1.40380899040506,0.809017787954222,1.28909831145783,1.04048878287524,1.0430010082426,1.69013169327919,1.65048878287524,1.26598690325279,0.704376718802349,1.24901847464047,0.747855433157527,0.827631400452577,1.68611096376216,0.76077906376566,1.18876862105422,1.04429726157262,1.00313600523844,0.775093757557937,1.8833924365179,1.10021089389823,0.805877596491872,2.17318510786763,1.26834156656027,0.299475530069596,1.00271656656027,1.97048854330972,0.811572998111681,1.54666107664364,1.07928122390839,1.1751104402663,0.784712991876659,1.61916848736902,0.444653251911957,1.05528317948801,1.03616435817024,1.7780167218982,0.555411260925383,1.07765921030758,0.918439962243782,1.0179049972616,1.89900823913378,1.22412528769159,0.594784562597721,1.02226347568388,1.00160292084675,0.630358834207465,1.26370548158861,1.74594789057506,0.389271016624544,1.17875849307958,1.1808143903808,0.738591175433011,1.19461758001925,0.942168749261699,1.22362433335672,1.57537732128665,1.36475141577576,2.12611785244874,1.40682267705601,1.66974821640999,0.799235054591966,0.293024721358624,1.59464196119003,0.916814380571578,1.03007714520928,0.695022947802187,1.24241881180566,0.833564117104031,0.487041141348326,0.679270198578547,0.950479145216594,0.823752345534214,0.827631400452577,1.24754763673003,0.928954263272343,2.40372566835284,0.507221514048447,0.671665306138928,1.71749484451551,0.900730274977038,1.42432779485153,0.73132092040511,0.867153552682521,1.43866047720264,2.51695539409538,1.22245748423211,2.05675396367946,0.486437142792934,0.746723464692598,1.0777066287362,0.757251599600919,0.755893814675143,0.824107183043827,0.952027380007781,1.33662001091473,0.617369508786649,1.07192450876634,0.39601404622037,1.06961495203976,0.980762541513111,1.2674497148003,0.74775596653995,0.891537129502371,0.644620467615941,0.60233479317343,1.87786376324242,0.655567742306365,0.691899614251253,1.30392284263997,0.583188167975238,1.51473512856727,0.781219644236892,1.04509989206505,0.913896820822315,0.566393111681584,0.750336804656529,0.788718645765512,1.09293752290156,1.01609725369341,1.12165385252924,1.47499073280334,1.91162528769159,0.966210191553727,1.03668891053702,0.509008785300492,1.0179049972616,1.17550515978475,0.135206352481714,0.841948492912912,1.28523825900241,0.869132088902005,1.54146163795731,0.978458107223879,0.592776976611839,1.20850028769159,1.25905768404492,1.46042257463476,1.11049358237944,0.513038735021833,1.89508616124802,1.05645108200168,1.18500823322693,0.510340570793547,1.50841720194742,1.11658055391683,1.79815615688508,1.39763264719811,0.950108078550174,1.2136897742705,1.1772464792918,0.683740200580127,0.921346373120995
0.443660280289904,0.562325278003594,1.41055681549866,0.183035619877454,1.58148734421725,0.753150706045434,1.49467970645433,1.60374679682651,0.755613239085931,1.27217346481325,1.01834156656027,1.15455754096813,1.76818578578366,1.32243311612045,1.38545828772064,0.802121196370942,1.65794965080392,0.684774257595432,0.900465701490044,1.11247907975444,0.8060340448464,1.1868492899013,1.59649014450168,0.777529576393254,0.79453042990909,1.27305040007107,0.870196471887273,1.01621669159792,1.33705900168617,1.06426358200168,1.17891926928811,1.4833924365179,2.10426716744854,0.5335299972616,1.50488477008582,1.23902864070622,0.788066222885869,1.09076756912164,1.74245748423211,0.684774257595432,0.988430122885497,1.25510907340299,0.474125287691588,1.07725579639701,1.91158498047642,1.60254798875406,1.03666766770443,1.85185546797844,1.66815007620827,0.974685621012604,0.788013039787662,1.58651742314705,1.19611456214777,0.984904119551385,1.10008598546464,1.16467970645433,2.53230965933033,1.60662732128665,1.62771656656027,2.05048878287524,1.05590517824909,0.976754103774775,0.532309659330329,1.53527117064983,1.49606513450967,0.798429492977582,1.65009715963218,0.8733737472616,0.904528753928835,1.20129713919227,2.80431854449026,1.18987106578981,1.45721633876281,1.98551866917389,1.54438323322693,1.50488477008582,0.890434083755678,1.25696800958623,1.25684751133937,1.1429049972616,1.34944529332678,1.29801303978766,1.36072089721657,1.25942450876634,1.12579081756544,1.24948816408611,1.48084695872267,0.71464580630772,1.70850028769159,1.53720228654412,1.65828776244299,1.72997181146874,1.62833490113618,1.43371964919336,1.092097171033,2.08527520251063,1.49964730218212,1.01508885171848,1.40006877650781,1.05350862183432,1.00317171510699,1.53301358200168,1.13945889450168,1.48146329729371,0.788624935958773,0.996037091512795,0.921897517504425,1.72835731761568,1.1511562092479,0.739697159632185,1.04776696119003,0.885919738900518,0.741352199247077,0.843392436517904,0.840488782875236,1.4894700347585,0.484476606820516,0.532309659330329,0.679751070441823,0.985794665758698,1.5608737472616,1.3108737472616,1.07276500219653,0.86334568616686,1.10530845838284,0.625947890575061,1.0680660025024,1.07988858200168,1.59207709164255,1.58294311943879,0.882567592029665,0.742302436183918,0.640488782875236,0.479059028919331,1.2433924365179,1.29685194485399,0.911346373120996,1.62245748423211,0.700550630461804,0.814299313864777,1.30716225142936,1.1951085586329,1.20850028769159,1.27456857613959,1.25874375830922,1.3108737472616,1.0833924365179,0.9573180297694,1.25278364422596,1.86293580038841,1.07839206706325,1.03781626282559,0.525292933351128,0.976754103774773,0.790725856995236,1.09293752290155,1.23831154142546,0.923392436517903,1.20525434816613,1.70180239753069,1.62771656656027,0.761459296942623,2.02587797877271,1.50488477008582,1.15028601100471,1.8833924365179,0.78160567764926,1.34161946396337,1.64342077044144,0.897631816237086,1.40159738702805,0.724049327688326,1.10870561313632,1.53619644775056,3.06429931386478,0.708404946001108,1.35496401249764,1.24048878287524,1.42127756144698,1.21903832883587,1.0833924365179,0.542724472628329,0.605061960861261,0.983415825890308,2.47412528769159,0.211322005009342,1.06123825900241,0.637448226706592,1.84293752290155,0.909264053513799,1.80899666197744,0.618604503983163,1.00000993804843,1.47928122390839,1.98909978278712,0.884576082001682,0.925022565414637,1.2433924365179,2.4433924365179,1.03976589274667,0.739335929716127,0.9842335584944,1.44373721830153,1.6549401567772,0.796119344338046,1.54851288511392,1.55249536927118,0.923392436517903,1.36853062349751,0.44467970645433,1.12702225063191,1.01357746008571,1.01529189580048,1.32465479818254,1.42977164300212,1.12490225192292,0.932520687126859,0.828710077493431,1.09388403843213,1.42372359384309,1.29048878287524,1.44169154822155,0.945947890575065,1.20553193829405,1.87928122390839,1.24901376279893,1.3693023975307,1.43477425759543,1.45584156656027,0.860598897765162,1.41467970645433,2.54594789057506,0.99045878984912,0.870332540491228,1.15112658613444,1.36193569872118,1.74028196664657,1.16162528769159,0.443660280289904,1.91080369377648,1.01227325135216,1.12113710529888,0.964494886575791,1.81429931386478,1.32683825900241,0.815844387646027,1.35795176248335,0.592757842099676,1.52523825900241,0.933456198657251,1.77349370339756,0.760488782875236,1.01411669794542,0.845623908455616,1.29191711473829,0.842077091642555,1.79570889450168,0.928234135767695,2.04082608200168,0.844959691478085,1.19633933035156,0.591615718408869,0.918184127554742,1.0118399588724,0.578013039787663,0.411625287691588,0.484476606820516,2.70850028769159,1.56732068066165,1.5106205251213,1.0025222518238,1.49736237105422,1.86250851051055,2.24467970645433,1.45518242086074,1.32030627250033,1.82287858984625,0.887866548310846,1.05448638998332,1.45304097750985,1.8778818830769,1.37141699520702,0.945947890575059,0.937562749844804,0.583500287691588,0.620919301086756,0.783643574130867,2.64536366067371,0.59922817308234,0.387819723316648,1.58120871656605,1.33350028769159,1.56047595191827,1.00188307764875,1.68690156604422,0.948012929043395,1.37840438051879,1.01907758126523,2.03720228654412,1.18465696664657,0.191167234971054,1.13992874680529,0.981263164614783,0.814299313864779,1.32575377881327,0.826449757246206,1.2171237472616,1.93971706673773,0.885382111004116,0.761010734928929,1.23162732128665,0.508743758309222,1.75328522641046,0.95924829474522,1.24458858808019,1.24048878287524,1.38600698349023,1.42119854821922,0.443392436517904,0.955859689597033,0.951162434145114,0.683392436517904,1.22832608200168,2.45850028769159,1.33705900168617,0.884894640154229,1.93234622615117,1.91304803539195,1.34740911109152,1.33322535156653,0.814299313864777,0.923392436517902,1.004615211095,1.49728483085932,1.34745820043898,1.0708534526338,1.56048878287524,1.69467970645433,0.86630429876019,2.5608737472616,1.95928122390839,1.18242640776994,1.22149014450168,0.753150706045434,0.9983737472616,1.09551358200168,1.08543825739665,1.91304803539195,0.655641541020198,0.944245615260724,0.647741912942965,0.850416780320635,1.6777579342536,1.06429931386478,0.78421565331868,0.652069409542166,1.50589842049637,1.34195915584879,1.07715562381739,0.887363527189228,1.10271662725119,1.04341448983281,1.29136848283079,1.01609725369342,1.73096598053144,2.04527920572814,1.25352003202276,0.961827430414208,0.843392436517904,1.17416005953872,1.04285879410708,1.44981988905867,1.17314362105422,1.41162528769159,1.65495911996844,1.26793378816713,1.80186327520979,1.21408352656844,0.669748216409986,1.019436580176,0.73065307385318,1.05086616457187,0.742302436183918,0.888197089912758,0.923392436517904,0.802121196370942,1.26534896266119,1.50488477008582,0.224125287691588,0.821143301116455,1.71749484451552,1.87250823322694,1.49707995938651,1.10747632976659,1.20227035610352,1.12886405464959,1.64812830462397,0.842937522901555,0.814913821740755,1.50123100761249,0.937341904529632,0.762786866054434,1.00525343313963,1.26747657038835,0.521508951472982,0.835212270976392,0.455846934201003,1.21917048437154,1.05048878287524,0.927246479291805,1.39863108946973,0.84970228654412,1.09185386456622,1.31098819616487,1.22051358200168,0.840817273314659,0.962701082001682,1.95100849629697,0.683035619877454,1.44713941241862,1.20434687507048,0.734840936887936,0.595228095050759,1.10287810544335,0.650488782875237,0.235794665758697,2.1233924365179,1.12802366118243,1.181077946388,2.24686648446265,1.62733374967766,1.3683488682106,1.5693023975307,1.54465533834268,1.0404806728229,1.27687977972866,1.38089033576603,1.14763264719811,1.16449631373494,2.59207709164255,1.35837386475535,1.37250823322694,1.32267476423451,1.61419266085443,1.56491904790173,0.620743985632018,1.198976325997,1.70850028769159,0.83951315953202,1.15373235100075,0.961308016602853,1.42353519809951,1.03049434433805,1.46580139570525,0.687498088893292,1.84048878287524,1.50749339287205,1.94000651781657,1.07623219928038,0.743436946599281,1.59275784209968,1.21048878287524,2.17747657038835,1.05082817784885
1.07284174343178,0.695089095894107,0.954878045452695,0.710463883044543,0.96366539710117,1.14381731754936,0.775028662645612,1.40666322809743,1.03222739578817,1.04874962826587,1.21252512296781,0.734569311320285,0.655008692283599,1.45544101877869,1.12801782100577,1.11914589454693,0.74539388819411,0.808868616592806,1.24251273746802,0.883520682592982,0.865365887173139,0.750493952162903,0.609772815305841,0.935992721735256,0.701770074409063,0.659341716166514,0.607451410227244,0.932038945659106,1.1761315259446,0.796849882745581,0.807011899549771,1.05037162192631,1.16661000268952,1.56626718337987,0.854631806428567,0.619890443893933,0.765628069795236,1.40865176119926,1.01148847919564,1.90759966093007,0.718916527998398,0.838680207810481,0.990888350489845,1.01289580625649,1.16419229156849,0.788861946666016,0.956059854308777,1.52479259781936,1.33375959875376,0.384481442522011,0.972381650588333,1.36113858200168,0.862737910945067,0.894052656883874,1.07508393851883,0.698637735342246,0.823830991760166,0.741211873491733,1.17603843495897,0.727485206235169,0.987808460824102,0.860055426396808,1.21414279343783,1.45133591150055,1.04570543809753,1.56269509695593,0.999212703366024,0.718912093158858,1.07434264382808,1.3281583421527,0.625775753787048,1.77429273009203,0.969574335164196,0.926375268034735,0.663105367952296,1.50206077229411,0.743471323163099,0.67174134699249,0.964195418739056,1.35866569879521,1.13088801525092,1.17574568691482,0.573613450114411,0.709407586948915,0.953043152491822,0.345164069176589,1.24855849060745,0.676723474409029,0.810480729332449,0.909745427080842,0.667585238142578,1.20594629631514,0.58052474213209,0.693503106263259,0.631796713060023,1.28932008607579,1.17487406248018,1.14597699241385,1.10679544028997,1.15394017984661,0.931702903313213,1.00733504245729,1.05190559237358,1.20986925322592,0.79634061660334,0.757808037758726,0.975557950527664,1.10670303027846,1.11133326903497,0.815622832106453,0.94858907012653,1.42411745440597,0.949397774458317,1.28848201803781,1.24437652043421,1.94452873880245,0.818775927364119,0.894302987572815,1.55366125714556,0.693985105038758,0.863281625463566,1.10129800803751,0.876983603370712,0.94692686018016,0.898592752395567,0.841556458808551,1.2047007249123,1.44467748950025,0.495223688939754,0.739565046324691,0.582297393611756,1.20958036398646,1.47767317786752,1.14723737218639,0.7536937696998,0.656898186203379,1.15209715963218,0.672920714551845,0.578609584306504,0.799097377004395,1.26441235358149,1.16561097798695,0.70980928611577,1.17541961970867,0.86287981021966,0.997111071825632,1.21467970645433,0.894328522551252,0.699520582101468,1.31842595455265,1.14742325836237,1.54902317279917,0.978326082001682,0.556777866277757,0.721508855575745,0.869106041099595,1.22314590473431,1.48333614004374,0.847140974803356,0.753864054649592,0.547506080497229,0.844243081868266,0.481525077629445,0.952778468940327,1.09783818820703,0.198522411934484,0.754411464878714,0.639110090965179,0.509289455890607,0.908495424474141,1.00685939126527,1.09012486687584,1.10285367246482,1.07974568691482,0.994444098239986,1.05314497835861,1.04761980141099,0.58841934908066,0.773913062086551,0.81331162217968,1.27819951324159,1.24003927581518,1.53977127023006,0.608753116974946,1.11895231665401,1.46396114206822,0.667458708183848,0.549742555661649,1.25600541352426,1.14465696664657,1.35006291212606,1.22118495661605,1.05666637797351,1.32565213191113,0.711877486722041,1.19656342437871,0.982969670602856,1.08372875392883,0.953622836960515,0.513523464692598,1.11561067158798,1.36066700841561,1.47106116019143,0.978311396251209,0.792717785252625,1.08129344369944,0.734063901253638,1.26055604743894,0.476076121525772,0.987791767936557,0.656965016135957,0.650220220001291,1.13062199709694,0.671006144385513,0.889209811473359,0.863303387845259,1.04203464004819,1.32829665832236,1.20319890162042,0.865354318292111,0.682852543411385,0.951549961474146,1.77734378999106,1.0629153034592,0.805488778466431,1.17286604271828,0.823175855006775,1.13849867499434,1.5219082024106,1.003731551718,0.767550363729381,0.595093054814704,0.802008239832812,1.03372386310042,1.15615357233065,1.16052741186569,1.05579219664369,1.39702950913564,1.16599288530846,1.53874680390266,0.920328167588383,0.801661304461456,0.730627694591842,1.47657647407802,0.826345991973702,1.51632259132224,0.763709675263784,1.67893152059343,1.37061951201914,0.870354275289433,1.16999364349257,1.08778196664657,1.35466027267758,1.05173537151645,1.28212875392884,1.63821414791388,1.43959567205048,0.829717134801139,0.551559259588096,0.889845994563692,0.596797416190952,1.12070806088459,0.895933114517529,1.03305390049978,0.318092127093455,1.45824963485343,0.994215157487572,0.805773957552239,0.870832816240179,0.607036025286955,0.747209486788205,0.706402134670409,0.780624933270357,1.05903638614351,0.928998160883834,0.312200256975635,0.566908254050139,0.959917828847439,1.45218893467384,0.991981217529316,0.752022177419547,0.917252038073902,1.78129715963218,0.688060300976911,1.15428996138291,0.414286957706155,0.880766541895062,0.988923504068298,1.12566642784752,0.424117454405975,1.26524582332468,1.27629238316893,0.364316458051317,0.757442408130549,1.1488856776934,0.69317858060329,0.791186032699125,1.42010514204694,0.698013039787669,0.890321675152345,0.44624686714959,0.708947234091294,0.980111908339941,1.13578575974458,0.748912377282704,0.839046931586015,1.12168750515856,0.389802812744473,0.825186611685398,0.714295846831439,0.882196412856342,1.16511389996554,1.28528321255994,0.425497596933937,0.556244821835923,0.761172770854943,0.963228092620432,0.69657695999287,0.515537624719202,0.827703670371104,1.08903698978743,0.929424788682059,0.775003512384439,0.788336905019778,0.47244689198864,0.753670641576975,0.603257010891754,1.13077218280675,0.633641942789967,0.788241874974595,0.986138582001682,1.17969715963219,1.06768490650751,1.27330049468059,1.10070022807642,0.58045542388636,1.25262766571814,1.15274794601565,0.732584143004342,0.769508239832813,1.58737366724662,1.00033354693707,0.457058901112781,1.4838995475445,0.876802720330029,0.712279020248156,0.99825331177807,0.965464052665207,0.9345804575127,0.963104745022996,0.857136580039495,1.23723825900241,0.553490891461241,0.916017061512385,0.884224249512147,1.03349137603046,0.302531962729383,0.993686860523538,0.983829146449738,1.05127461425125,0.434493775101171,1.02794398563202,1.0919567495398,1.51677027993261,1.33064366169093,0.597024068384748,1.22933881871599,1.30197215985753,0.955687010531565,1.29448782477634,1.00144101400905,0.746695877312327,1.1230381551622,0.267403110836948,0.925705488660651,0.717249058436895,0.991449583321898,1.31489090519514,0.378205874832052,0.539785399677344,0.690921005797395,0.994030829877446,0.759976980239705,1.06972725525339,0.81498594236214,1.31338087047382,0.872887751317348,0.659726955796895,1.1726368682106,0.799379026183441,0.777315117440654,0.817707013576103,1.42567768145534,0.862341432122509,0.656234743899885,1.27398159581165,1.95974056103381,1.15464775967783,0.781400280333266,1.11694332877245,0.878725493230377,1.01535395373665,0.608739319558461,0.806769821736267,0.828712358694925,0.856878736533264,0.865963259662746,1.89242888669335,0.586581513248114,0.721381632935742,1.04917713027195,1.44703388825259,0.869103335631641,0.561568477387147,0.948926373339011,0.54172900839093,0.972480278447476,0.910556815498661,0.463428640706221,0.529057723677682,1.2901794221887,1.01169580344524,1.54744764593291,0.567043539572165,0.716850610337543,0.270545214838189,1.22982542025583,0.987557914785289,0.665113899965538,0.959601954387554,0.71472670667363,1.02853705145924,1.11026696119003,1.27378438610009,0.96777914069844,0.935148682476811,0.723619845042641,0.857305751389655,1.37050001832183,1.61862509225687,0.614135401366183,0.992229978571245,0.882897512606431,0.609751440388582,0.705410260146128,0.984921723590963,0.665866386693345,0.827846940758725,1.13563040793864,0.823875680238189,0.676569380340896,1.0817680640288,0.961495911177854,1.60467842090456,1.06871874034226,0.799960605338827,0.907487994265647,0.880399068045553,1.66875480030128,1.06267836638852,0.956618426412724,1.47053254244909,1.23194491476797,0.72402518601565
2.43354422723156,1.38314023677923,1.5566939557875,0.337835482085228,1.99834577440348,0.43500823322694,1.21119709657575,1.83351776980112,0.878782028020652,1.51944549567927,0.995529473883542,1.52150895147298,1.51697717475314,2.06429931386478,1.61327426180512,0.403725668352838,0.991358459145426,0.84970228654412,1.47412528769159,1.81429931386478,1.42900747566925,1.56127624493147,1.64760304669659,1.23969580397705,1.33166310273965,1.24823413361279,1.27615731994998,1.83775932531769,1.45850028769159,1.07952797361188,1.45129715963218,1.49527262229329,2.23503216493602,1.59391314595847,0.70840494600111,1.38296115901886,1.16994340753957,1.35795176248335,0.507779037720886,2.39763264719811,1.02502864070622,0.883753849432164,1.52520108200168,1.48813822909348,2.14763264719811,1.50874375830922,0.619697159632183,0.933456198657251,1.1167870696818,1.12371491776939,1.12372566835283,0.843392436517902,1.37250823322694,1.12626862105422,1.22412528769159,0.94326821036071,1.08350028769159,2.00572068937591,1.27150895147298,0.440488782875237,1.73096598053144,1.92541042497589,1.48096598053144,2.07541274727443,1.48159745699447,1.48947003475851,1.28960213287196,1.91304803539195,1.81196229468479,1.70269038634561,1.32683825900241,0.730965980531444,1.20570262753525,0.819266408524772,1.29048878287524,0.833500287691588,0.557223237187268,1.72881814190862,1.80370048735571,0.942678578057235,0.840826726205384,0.306038082095784,1.14200426037878,0.647741912942967,0.757994508786649,0.436999936294967,1.5230685266831,2.12931632195611,0.923392436517902,1.4655713648664,1.01017192476988,3.56934669636737,1.95325278640878,2.07886465685531,1.39778196664657,2.16048878287524,1.51149379873261,0.786208557285102,1.1429049972616,0.787803771965542,1.72268732352617,1.3233924365179,1.4293023975307,0.935758285372462,1.2831161898557,0.5179049972616,1.44650647286405,2.40020108200168,1.00751219675098,1.01674654672912,1.14372584967586,1.9356383739701,1.54629513738121,0.902680029700699,1.7233924365179,0.631308163867428,0.949238259002408,1.6433924365179,2.28528740262175,1.12265764483629,2.19876232110623,0.4436602802899,1.19827218280675,1.05082817784885,1.17985707915212,1.42432779485153,1.61251014037661,1.80278570971121,0.99774894298699,1.9046237472616,0.817804630414671,1.02226347568388,1.77294202835203,0.661625287691588,1.4833924365179,1.39468643778958,0.64523825900241,1.15928122390839,1.56743708499504,1.2679049972616,1.48329715963218,1.61261455724173,0.91002721313079,1.26235904086811,1.4833924365179,1.34712447414514,1.2433924365179,1.31537016233532,1.39763264719811,0.474125287691588,1.54465533834268,1.5898160394555,0.411625287691588,1.90525784209968,0.961852227742645,0.857692634171003,1.68105562326587,0.925410424975886,1.74097833613866,0.766368953210786,1.56512797699468,1.3792943918874,0.655867509506505,1.2433924365179,1.24048878287524,0.273811863070229,1.05590517824909,1.24048878287524,1.6433924365179,1.24071381027928,0.868101930661649,1.39946870151403,1.98594789057506,1.24030470365982,2.73096598053144,1.05082817784885,1.24048878287524,0.4433924365179,1.79454104370808,1.52591572560683,0.814299313864777,1.71749484451551,1.40121472437706,1.4318023975307,2.41436609433013,1.10766105828012,1.05082817784885,1.39763264719811,0.397632647198111,0.661625287691588,1.59803956371788,1.59922817308234,1.03883838976146,0.923392436517904,1.62591496141189,1.59391314595847,1.55027622347437,0.730965980531444,0.239667102327468,2.08118601108987,1.3108737472616,1.0960299972616,1.72048854330972,1.12585539201725,0.730435287720886,1.73306472519947,1.98909978278712,1.25278364422596,1.54443825900241,0.831567466946125,1.7891748998936,1.5391748998936,1.21540193843562,0.708500287691588,0.681077946387999,2.27590302425366,1.64935347041628,1.3593452447239,0.923392436517902,1.11655413312333,1.4983737472616,1.57937946164643,0.921107545540762,1.06934352240301,1.63148186907803,1.66814889043067,1.91162528769159,1.81429931386478,1.57763140045258,0.853719322306097,0.723725668352837,2.27661099228931,1.93971706673774,0.910011859149213,0.934968887863618,1.74956085210835,2.00740858279388,1.36048878287523,0.370535619877454,0.760488782875236,1.21109914351795,1.2948492017747,1.19085375499807,1.74124000740187,2.09199368125205,2.23957864763684,0.652614557241726,2.29191711473829,1.45297043252302,1.06429931386478,1.14984492092147,1.07928122390839,0.759424508766343,0.907282986446472,1.34712447414514,1.64571268951651,1.11965696664657,1.68373966329225,1.26901486578505,0.964767876321985,0.736112057624295,1.38712302250168,0.843392436517904,1.32106579572568,0.943543752500489,0.925410424975886,0.988512137605679,1.10021089389823,1.43402818156623,1.72056211924581,1.30080313743276,1.01822442609089,0.773180335477672,1.79156891858959,1.95928122390839,0.221490144501682,1.09303897872336,0.833500287691588,2.14763264719811,1.18832732419335,1.04048878287524,1.0297410563622,1.39763264719811,0.819266408524772,2.36202762722868,0.730965980531444,1.22911500517271,1.65793362520899,1.93969715963218,1.39804474112968,2.00992996759553,1.97412528769159,2.2293023975307,1.36532864070622,0.730965980531445,1.08303958533518,0.632918303641911,1.13576076402082,0.890488782875231,1.26798636455947,0.377716566560272,1.82327716527166,1.42907902024815,1.64571268951651,1.11522249495309,0.84803956371788,0.909264053513801,0.321924508766347,2.01379114081181,1.82852152065259,1.21645985737299,1.29191711473829,1.57047112354608,1.34649014450168,0.924645968496001,0.890488782875236,2.06082618719246,2.59207709164255,1.0833924365179,1.01312063414027,1.02727550562957,1.56934669636737,0.842937522901554,0.705041063546309,0.574368901122547,0.949636880146897,1.6018023975307,0.923392436517903,1.96464580630771,1.66436609433013,0.72937456600419,0.661625287691588,1.50271656656027,0.974125287691588,1.48096598053144,0.736513196820889,0.523392436517903,2.15794599457562,1.07666302363979,1.95008038004441,0.647741912942965,1.031346373121,0.465170050078346,1.51610492966,2.44366028028991,1.68477425759543,1.44559600437541,1.6556415410202,2.03720228654412,1.17699678021015,1.10189639916154,0.923392436517903,1.3327029667152,1.20386895321079,1.13711107804679,1.98859117543301,1.27243825900241,1.59233864070499,1.31928122390839,0.730965980531445,0.419656966646574,0.971151708890729,1.2699380421989,2.56048878287524,1.6433924365179,0.729715615094269,1.67859732372294,1.9418023975307,1.67629086282936,1.5608737472616,1.72835731761568,1.83672961970241,1.35837386475535,0.566393111681579,1.17193327000035,1.1817777270662,1.9316955326186,0.94326821036071,1.32465696664657,1.41822442609089,1.3843923428794,1.2918023975307,1.1893023975307,1.47364465080237,1.21917048437154,1.10025814406196,1.31574817532663,1.49527262229329,1.07623219928038,1.17720955385263,1.84207709164255,1.84666378816178,1.43407632995739,1.16683825900241,1.69716101100471,2.03806388468208,2.77156998884535,1.32243311612045,1.31057866204371,1.36741156005134,0.853294644349965,1.0377705763023,0.567024534299897,1.51090352819643,1.0967215047797,0.914582241153482,0.592757842099677,0.755875637915872,1.32230820768686,1.91304803539194,1.18403356140976,1.13611904304454,1.22496781805275,2.07710191163335,0.93705900168617,1.28104634949045,0.976509207590625,1.92609117543301,1.44166789130735,0.956432324820767,0.6858737472616,1.46635924933204,1.50206077229411,1.23711514450168,1.56512468143081,0.572659579041064,1.05082817784885,1.60372566835284,0.984249340338011,1.72412528769159,1.39763264719811,1.50084804835496,0.814299313864777,1.25874375830922,1.45850028769159,1.4541790782768,1.73251396652088,0.72937456600419,1.22911500517271,0.258743758309222,0.95516158627907,2.84048878287524,1.27579081756544,1.99323721858075,2.06187939045162,1.59743428193067,1.32192450876634,1.10021089389823,0.76877210426903,1.33899250215484,0.794120627731138,1.92452111490131,0.655766449453786,0.545947890575062,0.996276452772122,0.870535619877454,0.592757842099679,1.76675265213131,0.770190892534806,1.0607666346208,0.950080380044411,2.45563004488841,0.619087995768441,2.16193928895996
3.05590517824909,1.32795570224834,0.985402644653614,0.824810245476092,1.14129715963218,1.63723825900241,1.36761701980427,0.914826121429248,0.873449777876079,1.17581794415913,1.38146163795731,0.865810953579174,1.47733106588875,1.25705900168617,1.18777696422175,0.769302397530696,1.40896800071176,1.06932531629935,0.743951082001682,0.93586102774133,0.616733768160011,0.877165500788573,1.15808324996355,0.69635065102779,1.27154255094014,1.21748849688608,0.729796705609959,1.03381339173905,1.44924483425416,1.39468643778958,1.2381756185218,0.916598043572086,1.21827218280675,0.475790817565442,1.41467970645433,1.06592736378462,0.744767583168881,1.11997996876457,0.527092427166023,2.50749339287205,0.891475237328414,0.983427554486844,0.842937522901554,1.0202148980125,0.605892934351765,1.10648109205524,1.00571132604631,1.96604451270628,1.40909025075216,1.90131117915944,0.681180274092055,1.36472095397932,0.714301775234709,0.832744085893906,0.750281966646574,1.10124698299275,1.8460299972616,1.6008785510588,1.19489823263366,1.32969855198881,0.94594789057506,0.784416740799236,1.03835759040291,1.31376386857216,1.00664700060914,1.47565515948388,1.5815968682106,0.900201082001682,1.5312898908249,1.58677412435294,0.862792719839585,1.21504730338517,1.30541126092538,1.36356271358353,1.07560921805739,1.361346373121,1.01632473031465,1.44187623588629,0.870026010809399,1.00516534166101,1.14612704961866,1.24382229048406,0.936097159632182,1.24496258045951,0.959728823663885,0.580061463010434,1.35083117265766,1.9704493289443,1.58965299751946,2.02360062033301,1.42313488798293,1.86930239753069,0.8323470157701,1.02304301187759,0.895070389042331,1.29463706421551,1.04013767563113,1.20850028769159,1.1764088672475,0.999499866875836,1.0117516367863,0.905408651003152,0.805527202470453,1.5151663984205,0.842073987035487,1.27249370180764,0.911716197987349,1.7519210148328,1.36335694157772,0.775709416021589,1.07093228523399,2.12015202312591,1.04034348748347,2.70850028769159,1.51020089743144,1.73495911996844,2.72937456600419,0.836997642375861,1.61789314398601,2.00048878287524,1.16183250036085,1.34819202835948,0.684689202461088,1.04271422200926,1.09323825900241,1.53189148827399,1.32781893196192,0.906934159777435,2.81429931386478,0.778926062945475,0.907824323054632,1.42057984279884,1.01123941033295,1.121346373121,3.48042343331816,1.1442075298844,1.08934611108723,0.976447107993584,0.490569957132766,1.46785098058089,1.2312674747858,1.09560967771294,1.24220237869805,1.24804165911585,1.45001674737149,1.35964937495943,1.51944549567927,0.763516628075806,0.593913145958472,1.25942450876634,1.89111795445977,1.19755979519295,0.941309451474827,1.14443825900241,0.738070650659458,0.891537129502371,1.16949019281055,1.81048878287524,0.83045932142736,1.45478942724098,1.54677845833257,1.08556404325231,1.56512797699468,1.1233737472616,1.27254479557848,1.26057981262514,0.952992509817308,2.18903833986678,1.961346373121,0.839490245702808,1.27831740927365,1.77643718952767,1.48058599156405,1.35273866416066,2.26930239753069,1.05989883446315,1.0918061177608,0.937373984796812,0.63229952199247,1.09256689411746,0.810304221441041,1.21261455724173,1.55393849853152,1.16579776138821,1.25510907340299,0.361471203133111,1.16783771299357,1.46338478489702,1.14804474112968,1.39121493351642,0.8929049972616,0.840488782875236,1.018146228799,0.956071183488419,2.17541042497589,1.35281374350008,0.71930421895737,0.443660280289904,2.24075401183056,1.33192852230872,0.810433654964951,1.72155094542471,1.561346373121,1.09368390077685,0.983987934254304,0.87404037038667,0.916273271583686,1.07928122390839,1.21919754778907,0.825301506716211,0.917582014781759,0.865022214959273,1.29546028096322,1.29782574419493,1.11571782858837,1.55331348980916,1.32649839092062,1.13528956680013,0.850131197498031,1.19825060846128,1.28902903772089,0.714323558829471,1.70720401792762,0.865796213259623,0.695108558632898,0.961133813611733,0.855744213352358,0.923392436517903,2.1546237472616,0.763973196810495,1.38936486711979,2.12850971886884,1.63348372991928,0.699460176487344,1.01668165969145,1.12618156416783,1.09853925224982,1.6429049972616,1.22412528769159,1.96018640982587,0.856965657525433,0.957990475213142,0.763901114287833,0.183035619877454,1.1977579342536,0.931876520434207,0.959248294745221,1.10662444768367,0.959871673200109,0.492614557241724,1.08683825900241,1.35324050952968,0.808259081292766,1.02975052059186,0.988795420595501,0.968759975586909,1.73192162739699,0.869191567430211,1.05863710529887,0.678385554885989,0.971373222800073,1.1768942991766,0.981476034889991,0.920859533153772,0.916930055661649,0.306038082095784,1.40255708852587,1.65240948459894,0.884390208572033,0.974902794455848,1.08727850294334,1.25337061911713,1.17921127687182,1.42999887235625,1.15222063520332,2.08825823983281,1.85865152518087,1.29860525149998,1.12197930826266,1.39880498844754,1.79947522667835,1.13269575243162,0.631308163867428,1.14841042834702,1.95850028769159,1.31695267767138,1.00724430507765,2.1410696568864,0.632711179372949,1.16294977278017,0.666364492396054,1.7518023975307,2.50722151404845,0.845307691516457,1.41731470710608,1.10078328506854,1.65143197100266,1.4608769025971,1.76675265213131,0.802376065879778,1.11007899977305,1.03560064284055,0.745390402257153,0.668998861638644,1.44969715963218,1.06409715963218,1.2303923350195,1.5581832212737,0.945642852568349,0.622901146103086,1.37325823983281,0.850416780320636,1.06095244823901,1.4160705326186,1.33361446407625,1.7668775605649,1.57678796972622,1.02378438610009,1.05590517824909,1.00634459960467,0.708127503806715,1.21954345798508,0.738973168292894,1.72412528769159,1.8418317233782,0.851294306406954,1.28491380619369,1.40908947187165,1.75002541922108,1.20965526449982,0.729374566004191,2.9233924365179,1.07268985498415,1.31385215551406,0.781265452846679,0.621127604256758,0.877988671676009,1.50130435428513,0.727179386524727,1.61329715963218,1.73857459985359,0.933163129663119,2.13708786451926,0.211630812533429,1.20180239753069,1.1864861932784,1.26439931981922,1.14984492092147,1.32903943066165,1.09236988879417,1.34594789057506,0.859681866289574,1.31087353793093,1.38243579049399,0.670939996976101,1.30723716428403,1.10633237105583,1.07988785014257,1.36572246826996,0.839728555433931,0.58042413923186,1.03736588686052,1.15813665295657,0.976509207590625,0.696570626474482,1.47035052684619,1.16673350518877,1.1445982914553,1.64171909919935,0.41503060767039,1.09883166524217,1.49015601038935,1.03956377716556,1.39255383860791,1.51650671360366,1.06128821575507,1.1825433251156,0.970069162980945,0.812261217300302,0.898487137227833,0.957128075904717,1.08383030321637,1.09865135233263,1.07635633683034,1.69529946637601,0.879777413344437,0.76057424458244,1.52674296598175,0.258743758309222,0.586464322662675,1.51636895321079,1.16938329391786,1.13020751891907,1.25710620001798,0.901564990806335,1.122125949252,1.17546208726216,1.11243825900241,0.696570626474482,1.24499511778918,0.874437934939126,0.942304724343729,0.926332136786788,1.17097027623964,0.911063704782956,0.924824296083792,1.11430889125984,1.79672324119389,1.91162528769159,0.791462129990478,1.28873428548429,1.18494138186051,1.36118206294411,0.883543709670104,1.27763307894219,0.960886209052322,0.713531075628774,2.18303561987745,1.13035624690431,1.19465696664657,1.11419266085443,1.04927840144431,1.13363442288244,0.904907619655216,1.11827218280675,0.511756906382723,0.655766449453786,1.23251240735696,0.873451920113686,0.877988671676009,1.90466456525151,1.00597683759742,1.28089556423324,1.41048878287524,0.754713233691807,0.946502638568706,1.62269885187222,1.31695267767138,1.18506564372009,0.680457807478478,0.690750511713433,1.76356830480419,1.34277914069844,1.55890811470742,1.72397068158528,0.959989357297727,1.6166113111594,1.58350028769159,1.35319963621962,0.837228872959669,0.71764080251306,1.05251414591468,1.31176548006065,0.579037130061469,0.935351416493323,1.26834156656027,1.4686302576908,1.35978622228682,1.9056415410202,1.42751298634159,1.02691784274826,1.75213247628869,1.61123192681089,1.32192450876634
2.5608737472616,1.65549434433805,1.41671810012904,1.51057981262514,0.724125287691588,1.97386871750065,1.75213247628869,1.29714937495943,1.34216017711971,0.887484077864277,1.97722627567143,1.08805556871172,1.31695267767138,1.1818023975307,1.63696162538787,0.290488782875236,1.59933917460649,0.652069409542169,2.4046237472616,1.73859117543301,1.26123941033295,1.57696783998336,2.07035940585633,1.12113710529887,2.3197925124323,1.72404932768833,1.58564043260559,0.756868531432847,1.5921237472616,1.50123100761249,1.7018023975307,0.321924508766343,2.14905997188115,1.23135685301999,1.14804474112968,1.08768569132469,0.668998861638644,0.655867509506508,1.05474940052801,1.00297494752304,0.782580193508146,0.679281223908393,1.15908901613588,1.35963138723183,2.33350028769159,1.58594789057506,0.745677877224353,1.99834577440348,1.07192450876634,2.15028196664657,1.21261455724173,0.507221514048447,2.41503060767039,1.11993823225394,1.68011031562387,1.48280203484736,1.91490080027946,2.53869708185976,0.459884235941938,1.73912415089877,0.48859117543301,2.1903923350195,0.542724472628329,1.71335131285378,1.11895867520102,1.76640691065666,1.35579081756544,0.279281223908393,0.76467970645433,0.748013039787664,0.789174899893602,1.5378825583311,0.768772104269029,0.885382111004111,1.62092754103006,1.9693023975307,1.2019378373165,1.21634648657982,1.55788775052753,1.50130435428513,2.38909363099546,1.32695889450168,2.04307286974978,0.469452376377873,2.50899148669181,3.17859478223378,1.46730588183861,2.68043825900241,1.6858737472616,1.99615905934043,1.11244978431146,1.19305759215114,2.40839977071548,1.74309442674965,1.82207608200168,0.659264053513799,1.31923941573508,1.65525784209968,1.53001021017767,0.675367283233748,0.778097159632183,1.20850028769159,1.50130435428513,1.03563222601242,1.27490677978438,1.1429049972616,1.42672788871835,0.892160113100537,0.99045878984912,0.609345244723903,0.733848961266196,0.794383233226935,1.60368386017953,0.571332524227252,1.17693536957515,3.29191711473829,2.43910111926857,2.44445695279476,0.605318071856553,2.04043825900241,1.2210299972616,0.700080380044411,0.434408006476591,1.18479312934122,1.28893589584154,2.22794291159814,1.73643825900241,1.48532539225089,1.65879220671113,2.0318023975307,1.95987167320011,0.676151250005418,2.88126001547627,0.840488782875236,2.54594789057506,2.35536728323375,0.571332524227252,2.49823413361279,1.73129715963218,1.3893023975307,0.899524031070507,1.21785098058089,1.10881681438646,1.49830043137753,1.76675265213131,0.457520402068491,0.557223237187268,0.799615144501682,1.31082618719246,0.679281223908393,1.33783548208523,0.41503060767039,0.803725668352838,1.36741156005134,1.08380769071333,0.679281223908393,0.539857079152115,1.79156891858959,2.19707608200168,1.72835731761568,1.62822481860502,0.9884733911029,2.39640040159542,1.47763571523188,1.2418023975307,3.01675265213131,1.38930239753069,2.39243825900241,2.01261455724173,0.880250765827226,1.02237167320011,0.48069262494237,0.868577946387999,1.8518023975307,2.17763053994624,1.48280203484736,0.768772104269029,1.04048878287524,1.89197043863221,1.26632135321787,0.6585299972616,0.333500287691588,1.33061146949353,2.00686734236427,2.12250823322694,1.17416005953872,2.57822743120821,2.1019899807754,1.12609369512525,2.09048878287524,1.4703923350195,1.17461514450168,0.591187781567981,1.1817777270662,2.22496781805276,0.48069262494237,0.920708894501682,1.27645228327922,0.912065856613945,1.79438323322694,0.877988671676008,0.530494344338046,2.09035243343737,2.2418023975307,1.26057981262514,1.61791595291545,1.52150895147298,1.3769418896718,2.14804474112968,0.827631400452575,1.05337018491666,1.41162528769159,1.0049624376216,1.2318023975307,1.11247907975444,1.57265957904106,0.900771907564112,0.48069262494237,0.874085419373891,1.18154640397919,0.564690471615968,1.6686567173468,3.32192450876634,2.36041296405196,2.2110498998936,1.17959678247408,0.416952420887024,1.87945267767138,2.02601191139057,0.61323825900241,1.72778196664657,2.28398843196736,0.269302397530696,0.409394272918611,1.256202829024,0.501193350770562,0.761346373120997,0.885919738900518,1.93971706673774,1.3371905168086,1.17451261063198,1.0293023975307,0.504097385718483,1.73904102047294,2.35008598546464,1.0660731565788,0.306038082095784,0.191167234971054,1.41094526532339,0.93705900168617,1.8684759665934,1.67243825900241,0.9026800297007,0.682068409768731,0.985794665758697,0.200488782875236,1.59878871602414,1.71536728323375,2.02528615267419,0.64966916239907,2.68683825900241,1.39638228176094,0.439101119268575,1.25430681549866,1.36475141577575,1.5296237472616,0.705041063546304,1.82853999777746,2.11656501064891,2.0334960368175,1.76675265213131,0.655867509506508,1.56353054853987,2.2357946657587,1.21119709657575,2.27907396290268,1.61414279343783,0.48859117543301,1.04088094780644,0.926730955734595,1.5030743269285,1.12653833986678,1.48069262494237,0.927246479291804,2.4358737472616,1.03835759040292,0.519281223908393,2.48006181442379,0.867881391043727,2.15113931914969,1.61175444064812,0.95265160648428,3.58156746694612,0.787927437623626,0.516406910656656,1.15254565286647,2.21541153086991,1.47499073280333,1.3929049972616,1.20365602199506,2.37865180861584,1.25965696664657,0.817570650032771,0.566393111681584,1.28869946184305,0.70356392918593,0.410488782875236,3.24823413361279,0.843096606235503,0.838583287720641,1.36523825900241,1.50412704914048,1.38098060327086,1.66875480030128,0.605318071856553,0.873522696739401,1.50412704914048,0.618604503983162,1.3293023975307,0.92121472437706,0.6429049972616,0.333500287691588,0.6546237472616,1.73882767767138,2.58355345991973,0.835008324152095,2.14763264719811,0.814913821740755,2.56344026454111,1.71089293895393,0.353375360202294,2.75942450876634,1.76640691065666,1.57192450876634,1.8929049972616,2.24459389542233,1.85421461694452,1.86564299266366,0.978290316862175,2.17859478223378,0.239667102327468,0.44467970645433,2.79438323322694,0.684774257595432,1.06720029282229,2.01123941033295,1.29295295884378,2.02601191139057,2.51636895321079,0.972548333179478,1.95928122390839,0.183035619877454,1.81471977110227,1.13611904304454,1.28809856606504,1.21917048437154,2.9610498998936,1.29414279343783,1.00975020482054,0.873522696739401,1.79438323322694,0.586277316514331,1.40908947187165,2.21608325037262,1.01675265213131,1.76738858200168,1.19593832331452,0.83796570149004,1.29261455724173,2.7293023975307,1.44099674518231,1.56224592456163,0.638228579092342,3.10008598546464,1.1712773434531,1.4610498998936,1.70397651111065,0.680457807478477,2.19538201923619,2.09465696664657,0.860533571286649,0.2679049972616,0.680589119827902,1.68412491663022,1.05378968916835,1.11334568616686,1.11154433232916,1.85739563418342,2.14905997188115,1.82938329391786,1.6429049972616,2.2891748998936,0.874085419373891,0.305641196009581,1.55415074453094,0.784043802522377,1.72997181146874,1.0179049972616,0.904316117644553,2.56048878287524,0.916818366045253,1.50455361686932,1.05851171990583,1.69354375250049,0.720456355835014,0.6520920484424,1.0018023975307,2.99116975556293,2.20683825900241,0.720488543309718,1.53251014037661,0.581802397530696,1.33705900168617,2.21949530959391,0.985794665758697,0.851674899893602,1.53720228654412,1.72443164526376,1.19811585579007,1.84843825900241,1.7668775605649,1.11501336271528,0.366838259002409,1.76818578578366,2.2019378373165,2.10008598546464,1.3402006756976,0.732741894571235,0.397632647198111,1.66902998321389,1.70754761447311,1.30017283478044,1.09970228654412,1.95008038004441,0.522305096159264,1.47559882130688,1.87757936485619,0.803725668352838,1.84970228654412,1.41946813514645,2.23361934433805,0.729715615094273,1.15938673703217,1.52116899864723,2.56292091513025,1.71280436911115,1.45261455724173,1.6592640535138,0.48859117543301,2.14801303978766,1.09965696664657,1.6693023975307,0.738591175433009,0.889302397530696,0.61323825900241,1.17323825900241,1.50923825900241,0.9085299972616,0.770190892534802,0.652614557241726,1.13034536829903,0.252974947523036,2.11390852676795,1.40173527810155
